Y1 Y2 Y3 Y4 Y5 Y6 Y7 Y8 Y9 Y10 Y11 Y12 Y13 Y14 Y15 Y16 Y17 Y18 Y19 Y20 Y21 Y22 Y23 Y24 Y25 Y26 Y27 Y28 Y29 Y30 Y31 Y32 Y33 Y34 Y35 Y36 Y37 Y38 Y39 Y40 Y41 Y42 Y43 Y44 Y45 Y46 Y47 Y48 Y49 Y50 Y51 Y52 Y53 Y54 Y55 Y56 Y57 Y58 Y59 Y60 Y61 Y62 Y63 Y64 Y65 Y66 Y67 Y68 Y69 Y70 Y71 Y72 Y73 Y74 Y75 Y76 X
2.7936 1.4752 -1.4537 0.1194 0.8976 2.2824 -0.3421 8.3449 2.6926 0.2066 3.018 1.1751 8.4093 9.855 -0.4541 0.4048 -2.0111 3.8622 -0.8111 3.2525 3.6851 1.4066 -1.5791 23.1095 1.0566 2.4127 -2.3566 8.6631 22.7469 -2.422 3.5571 1.8961 0.0066 1.7376 2.1588 4.0657 1.3298 6.4494 -1.2899 -0.6144 5.8854 1.0759 6.5516 12.268 -3.2194 3.9002 1.4567 8.8645 -1.117 2.3795 5.0323 3.3162 0.6895 -5.9556 2.4969 3.7127 -2.4819 4.5862 44.3813 -9.5253 6.5714 3.2692 -1.7145 -1.6168 1.8847 5.5941 3.0926 4.1399 -19.181 1.0801 8.635 -8.5187 3.9191 21.5076 1.6372 5.8789 1.137
9.772 -5.6849 5.9324 -5.8971 6.7202 12.8063 -6.8206 -6.8406 24.827 4.9308 6.3933 -5.9441 11.7228 23.4858 -5.978 8.1232 -4.6495 7.7169 -10.2109 7.033 11.3887 -8.026 -5.4715 43.5835 6.6822 14.4174 -13.7691 20.187 30.2249 -16.1472 8.2697 -4.0607 21.0551 -14.1993 7.6442 11.3337 -5.4907 -4.5418 62.1693 6.6262 20.0729 -16.4415 25.0951 39.1833 -21.9718 10.5971 -1.2109 17.1167 -22.5165 6.4156 10.7858 -0.7594 -5.063 77.7399 6.0267 23.2494 -22.3551 38.2988 57.6196 -22.5788 12.5265 0.2058 20.2873 -19.4924 6.2252 13.4508 -6.0011 -4.88 83.7734 4.947 26.9301 -33.3999 34.6876 43.5076 -30.4974 12.7668 6.223
7.058 -6.6688 6.5421 -4.4595 6.8422 1.9432 -1.8182 -2.2344 29.5625 6.0275 7.3119 -4.5747 13.3034 22.5277 -7.4146 9.0688 -5.5802 8.7706 -11.8967 6.084 9.8021 -4.5552 0.7662 40.1477 5.7555 13.4886 -10.7275 17.4628 24.0192 -13.2535 8.9133 -3.2104 15.3934 -20.2062 6.4781 0.8821 -6.3081 -3.6508 66.127 6.7749 12.7528 -16.8969 20.623 31.8153 -21.7585 9.9867 -2.1529 17.6692 -11.5372 7.3901 1.3646 0.3152 -8.4656 77.1477 7.8546 28.1697 -22.5717 28.9487 34.4986 -23.8544 10.4411 -0.3878 24.269 -23.6455 6.8574 7.1768 -0.2933 -3.8193 123.9641 6.0652 33.6126 -27.2912 29.2082 45.282 -32.0879 11.5578 6.0927
6.5642 -4.7374 3.6894 -4.6314 7.8882 8.2429 -3.6053 -6.6413 20.7592 7.604 8.0416 -4.2717 10.946 20.9227 -7.8371 8.6477 -3.645 9.355 -6.1172 6.3954 6.7942 -2.0075 -7.7817 41.9463 5.9666 16.0072 -11.0726 16.0018 20.5644 -12.6253 10.2436 -3.9753 16.9404 -12.0525 6.1412 16.9086 1.6349 0.0321 63.975 5.8612 22.9456 -21.7783 25.9051 35.9875 -18.2197 10.3999 -2.1343 25.0218 -21.7804 6.5836 4.5108 -0.3765 -2.9016 90.0764 5.7428 25.2633 -20.9713 26.6047 41.051 -21.0315 11.2169 -2.9589 33.4181 -25.6653 6.576 5.3684 1.0325 -6.8934 83.6935 5.2763 30.2013 -32.7018 40.2327 64.9294 -33.1266 11.0957 6.2338
9.6015 -7.7211 8.4552 -7.6432 9.4562 13.0013 -5.1338 -1.8076 38.6192 7.6951 9.956 -6.9841 14.3346 16.1194 -8.0503 11.5215 -7.0518 14.5981 -17.8672 7.6931 15.2457 -2.0352 -7.6959 58.3724 8.6102 19.6299 -13.0778 21.9418 30.3645 -15.715 11.6328 -6.0175 24.9262 -25.0584 8.0722 20.3899 -1.2564 -3.6769 109.1664 8.4507 26.7306 -25.0174 37.9203 47.3905 -23.7512 13.2672 -4.9584 27.1666 -29.8614 9.1737 4.6134 -13.0519 -8.6802 126.6687 8.4139 37.026 -31.3867 34.4175 68.621 -28.3239 13.0415 -2.6899 47.3101 -33.9286 8.8142 15.7666 -8.4158 -5.8817 186.4314 9.6777 44.7807 -35.871 42.3833 70.0942 -40.3019 12.8412 8.6092
9.1802 -5.6075 5.734 -6.1928 5.9942 7.3444 -13.0044 -3.5044 18.2656 6.2518 8.8719 -6.4898 11.9024 14.1177 -4.8284 10.3868 -3.5018 10.0539 -10.5218 8.61 10.4684 -2.0878 -0.1977 38.1193 5.4019 15.6906 -11.056 17.2514 28.3363 -11.988 8.7541 -3.7809 18.2787 -13.3801 5.0839 11.0259 -1.1167 -8.032 60.2133 6.2397 15.6328 -20.7705 25.9365 32.7206 -16.5978 10.5171 -1.3663 17.7839 -20.2871 5.537 13.4254 -2.6063 -4.0223 49.2404 6.3436 30.366 -24.0677 27.4447 37.6048 -25.3962 10.276 -1.1854 24.9994 -31.4601 6.7634 16.3575 -2.3546 -5.199 95.2365 6.2355 21.9198 -30.3876 32.5226 49.3564 -31.8837 11.6881 6.4031
-0.0437 1.5406 -1.2712 0.4346 -0.0914 0.7298 0.3611 2.022 0.4106 1.73 1.1158 2.5404 5.2746 8.8503 0.331 3.2641 2.3729 -0.893 0.2208 -0.6836 1.8297 2.0786 2.5168 -6.35 -2.2226 0.8678 3.1259 3.7359 14.6902 0.0891 2.5906 4.2334 -7.7283 2.3446 -0.1295 2.3244 2.7359 5.8269 -3.0283 0.1368 1.1992 -0.6857 4.6624 9.7752 3.7753 5.6801 5.3292 2.7043 4.3153 0.3378 3.9479 3.8107 3.0214 16.2588 -0.3766 6.2453 -5.7048 4.8668 19.1934 4.9401 3.246 4.3437 -0.3904 -2.1323 0.9034 5.2426 4.6331 2.1596 2.0845 -0.3188 8.1088 3.3461 0.3359 14.2985 2.8607 4.9248 0.095
4.6933 -4.2322 3.0748 -2.3383 4.0608 6.5113 -1.9881 2.4737 7.2313 2.0168 3.0393 -2.4508 7.5287 10.224 -2.5998 3.8168 -0.3035 0.1287 -2.4726 2.4517 3.7078 -0.6533 -3.7965 15.334 1.2899 6.0153 -1.9245 11.0492 20.2335 -7.4517 6.9399 1.3909 6.1967 -3.7649 2.1657 6.627 0.0041 -0.5048 -0.08 2.4653 7.3768 -3.8042 9.2104 14.9184 -6.7276 6.4411 3.2453 12.3678 0.4137 1.2646 5.9708 1.8157 1.6807 31.2023 1.7656 13.2039 -1.5431 10.2983 51.5229 -9.9584 7.521 2.3189 5.9819 -1.2095 1.1824 6.8367 1.3045 -0.8387 22.6544 0.7781 8.9028 -5.311 13.5582 32.7281 -16.0952 7.1471 2.3255
8.9904 -6.2145 4.6557 -4.8273 5.4729 11.3263 -6.3351 1.4856 19.399 7.5798 7.8536 -5.0192 10.5591 18.0201 -5.3973 9.365 -4.7459 10.2667 -10.9837 7.4302 5.0853 -3.2959 -4.4086 46.1359 8.3128 16.8351 -12.81 22.5097 26.1522 -13.7698 9.2139 -3.8931 14.2101 -15.4211 7.8542 0.6005 -5.3271 -5.6309 66.869 8.4317 15.772 -16.6491 22.1486 34.9829 -16.3166 9.4068 -3.6282 21.7352 -27.3193 4.2393 16.2577 -7.9326 -3.9412 101.4453 7.0953 27.0619 -19.8136 34.9695 82.1325 -26.4253 12.2624 -2.933 27.6966 -21.1871 4.7498 11.5853 -4.3673 -4.6058 101.1869 8.1687 31.406 -28.9304 37.0135 71.2604 -36.3912 14.2881 6.6608
6.479 -4.296 4.0251 -2.7885 5.0241 9.3933 -1.5922 -6.6553 18.7525 5.9213 5.1727 -2.1345 10.4595 17.1212 -5.251 6.9441 -3.5038 7.1714 -8.3818 3.5901 2.474 -1.0256 -1.0251 24.1287 6.4002 12.1216 -12.3699 10.9627 30.5566 -10.9625 8.9057 -3.3687 12.3325 -15.1271 4.0564 12.5214 -2.2422 -6.3295 56.8459 7.3925 22.4288 -8.8458 15.9437 25.2616 -12.7774 9.8844 -0.3832 25.6945 -17.9604 6.0841 5.7099 -1.6765 -3.5607 56.3178 4.1044 22.0155 -20.0173 22.8332 92.8641 -22.2062 10.7817 0.2437 17.3412 -18.2144 5.7333 13.7739 -2.0138 -3.4469 53.4846 5.4175 21.9097 -21.6829 32.5188 67.3861 -22.3479 9.9304 5.1425
7.9428 -5.3306 6.6044 -5.8858 9.3289 3.376 -5.1841 -11.0489 30.7099 5.008 8.3848 -5.2055 13.0485 14.6254 -8.0938 8.3978 -4.7364 11.1229 -18.0611 7.8973 7.645 -9.9122 -1.2676 58.1979 8.1104 17.2503 -13.2 15.7278 32.6115 -14.2747 11.4076 -2.8884 12.0244 -18.0107 6.8238 13.6646 -5.7691 -8.8603 73.5745 6.3315 21.1354 -16.9633 30.9441 40.9764 -19.8128 9.713 -3.3121 31.3586 -28.2927 8.3688 19.4698 -0.5706 -6.4168 64.4791 7.9251 28.6922 -22.8259 31.2858 63.3044 -32.9788 10.5459 -3.5744 21.7874 -29.7187 6.6119 9.7036 -2.8154 -5.4814 133.4284 7.2126 38.0945 -34.9174 54.2386 73.9471 -39.9602 13.9334 6.9359
5.9943 -4.7108 3.3673 -4.1129 5.0727 4.9477 -6.4282 -2.7461 13.2106 4.8272 8.0794 -5.8907 10.9216 13.2187 -5.6849 4.594 -4.558 7.6907 -13.892 5.7558 10.2532 -4.028 -4.9171 39.5756 5.2073 12.9235 -11.0611 16.6536 24.9761 -12.3083 8.8934 -3.8862 13.9922 -15.4403 5.0265 4.1451 1.7052 -2.2313 61.6884 6.3055 20.6931 -16.1422 16.5999 39.9259 -16.1455 7.5309 -2.4332 17.5245 -20.5686 5.8681 8.632 -3.4353 0.1487 68.2912 3.4831 15.0413 -22.2026 21.3614 30.033 -20.7413 9.3201 -0.59 31.2591 -15.1497 3.6674 10.639 -2.4894 -3.5408 65.4241 4.8482 28.4619 -25.9001 31.5821 40.7158 -17.6386 11.995 5.4497
3.4608 -2.8325 2.9333 -2.0363 1.6366 0.0193 -3.5239 -5.6664 12.8683 2.1449 5.3788 -1.4094 8.8614 10.0616 -3.0633 4.0377 -0.1545 6.0609 -2.2134 2.6772 7.6791 -1.995 4.8154 16.8619 3.0236 3.4443 -3.6927 9.9488 17.9035 -4.8701 5.4056 -1.0098 2.4669 -3.4384 2.4892 7.2011 -1.5333 2.2849 23.4346 4.2257 6.5911 -4.2707 16.2356 29.5897 -4.9694 6.0174 1.5626 4.0539 -5.3355 3.0953 4.0314 0.1375 0.3223 43.3186 1.5778 10.9286 -5.0694 15.9824 42.8963 -6.7419 6.6862 2.6278 13.1423 -8.3922 3.383 7.7385 4.1886 3.5829 27.7103 2.7398 10.8413 -16.6556 18.4022 38.7217 -14.5837 7.9425 2.8273
10.8826 -7.8618 8.1202 -8.0159 9.5166 11.9534 3.2688 -4.199 37.2642 9.6996 9.1408 -9.214 14.689 18.4094 -8.678 11.7221 -7.6284 18.0064 -18.253 9.699 14.3684 -13.8816 -6.269 82.1575 7.8635 19.3792 -17.8429 16.6902 33.355 -19.8631 12.1943 -7.0105 18.1661 -23.7004 9.8946 11.7773 -5.3141 -10.5165 117.9171 8.9116 25.0418 -24.2736 32.5629 45.1049 -25.7505 12.4897 -5.2523 30.2443 -29.5573 9.6184 8.6205 -3.2595 -9.1077 147.6943 8.3121 34.687 -42.6298 42.3205 53.4816 -32.1532 13.5457 -4.151 32.2104 -39.2244 8.5859 14.6835 -10.5261 -8.605 188.4737 8.421 46.048 -44.7302 56.1455 64.6001 -42.448 14.6231 9.2343
5.9934 -1.9037 3.1523 -0.0497 1.6574 0.4967 -0.3734 -0.3171 5.1321 4.2155 3.107 -2.191 8.5748 16.4566 -3.8609 7.0912 -1.6671 4.323 -3.6523 2.4524 6.6284 1.1069 1.4907 7.744 3.4212 4.2835 -0.68 10.3514 37.7017 -7.0211 5.4309 -0.8955 0.7518 -10.0377 2.9614 6.2639 1.3069 -3.8623 12.7583 4.238 8.4639 -8.9443 15.2925 33.0175 -9.588 6.3157 1.8686 13.3008 3.6987 1.096 6.3533 2.7183 -4.5995 17.0867 2.6637 11.1909 -15.0003 21.2373 25.6857 -10.3043 8.0934 2.936 7.8787 -9.025 3.6884 10.0521 1.6755 2.3304 47.4942 3.8618 13.9601 -14.1501 16.5468 40.4279 -18.4154 8.513 2.9232
9.2196 -7.2624 7.3497 -7.1112 6.9485 0.3693 -5.2985 -8.572 31.1525 9.2786 9.0063 -7.8823 15.3015 14.0171 -7.4352 10.8737 -6.6991 11.9159 -13.1459 6.1141 6.8477 -1.3492 -6.8787 64.2582 6.694 19.0238 -18.5967 20.4909 44.2572 -13.9049 12.6007 -6.2766 17.8567 -23.0564 8.4728 10.3483 -5.3385 -3.2262 99.7826 9.125 26.4227 -22.3247 31.3262 49.5262 -27.6058 13.9797 -2.5806 31.6519 -27.4822 7.3932 14.9507 -8.6007 -4.2176 129.5098 8.6607 28.092 -37.2346 39.2554 60.2444 -40.1421 13.9674 -3.3224 44.6364 -33.1025 8.7449 15.4368 -3.7379 -7.3746 154.3687 8.5753 48.0805 -44.4516 39.7518 77.9197 -43.9495 14.5634 8.373
2.4715 -0.7057 1.1271 -0.5275 2.6468 4.9441 -0.1855 -0.7828 9.0174 3.2583 3.9882 -0.797 6.6231 14.4385 -2.5027 5.4824 1.0124 9.592 -4.0611 3.5323 1.9767 -1.3428 3.3506 16.8631 2.174 3.8029 -3.5027 10.5297 26.535 -5.5502 5.7127 1.425 7.2383 -7.3816 3.3222 6.3899 4.3262 0.9565 10.9113 3.9842 8.8725 -5.9222 15.2447 35.5785 -5.2641 8.4978 2.1745 10.018 -8.6274 2.2049 6.4166 3.1186 0.8541 27.2165 1.1352 1.3501 -8.886 18.736 53.1167 -6.9124 7.0472 4.4467 9.8436 -15.1708 3.6515 8.1423 3.4061 0.9075 39.0067 4.0722 20.9486 -13.3439 24.1581 37.5911 -9.6525 8.5139 2.8622
2.9446 -2.2104 0.3277 -1.4205 1.4826 0.7908 -1.888 2.9171 6.8598 0.9071 3.964 -2.2196 6.3491 16.7641 -4.4458 3.7023 -2.4262 5.2065 -4.7654 2.2131 3.824 -1.7537 3.6718 6.4938 2.5269 4.5747 -2.932 9.2322 23.0963 -3.7426 7.2182 0.2256 5.9359 -6.9948 1.1 7.6124 0.062 1.5383 28.0679 4.8539 3.0245 -12.1414 11.5422 35.0467 -9.4314 7.3943 0.6361 6.622 -10.6915 2.4854 5.0395 1.3072 3.0365 19.8091 2.4762 7.2997 -14.2823 14.8349 55.1781 -13.5053 4.8039 1.4723 9.3036 -10.6566 0.8188 4.7686 1.7052 -1.9457 29.0039 3.4059 18.6533 -14.1756 18.0366 23.7655 -7.1015 9.4951 2.6682
3.1255 -2.1164 -0.5058 -2.243 1.4049 2.2321 -2.1417 -0.0624 5.8435 2.4816 1.0989 -0.1146 5.3188 15.0021 -0.0636 4.0299 -0.2161 4.2022 -2.1877 3.3987 4.0938 1.3958 -0.2582 25.3255 2.3587 5.3051 -0.4601 13.0825 15.7822 -2.0327 4.3056 0.4169 4.6569 -2.5846 1.7592 3.7488 -0.5676 -1.0203 3.026 2.1544 3.5521 -6.5165 1.6042 31.4847 -3.9764 4.5934 2.2724 4.2004 -1.8483 2.2317 4.3102 4.1335 3.8611 23.9823 1.4155 14.2748 -4.5139 15.2109 43.7563 -1.6231 7.8211 4.6719 8.5823 -5.3379 0.6785 6.7954 1.9543 -1.557 14.3169 2.3313 12.2143 -8.2502 6.9915 21.264 -4.9958 7.5745 1.8672
3.0052 -2.6023 1.1732 -2.5128 3.5804 3.9327 -2.3287 1.6504 6.2565 1.2817 3.0087 -1.4026 7.1764 9.7539 -1.2736 2.244 -0.2157 -1.1383 0.5726 1.4648 3.6433 -0.2597 -1.1139 19.1925 2.2607 6.9058 -6.3201 6.2321 12.1002 -5.516 4.6751 1.3495 2.371 -9.4185 2.4397 0.2674 -0.4598 -0.486 9.9078 3.0985 10.0838 -6.5659 8.2448 29.5004 -3.3215 6.3454 3.091 3.335 -1.5782 3.5571 7.4499 4.7943 6.322 34.3661 3.6165 10.1358 -2.0651 16.8052 21.0087 -5.9777 7.9375 1.0633 11.5639 -14.7108 3.3077 8.3053 3.2452 1.7916 32.9082 0.7109 10.6679 -12.9224 16.2084 33.0378 -18.7113 6.1569 2.3223
3.9883 -3.1901 0.1598 -3.1399 5.1332 3.9613 -4.1141 2.9434 7.0321 2.0617 4.9638 -3.5124 7.626 10.7138 -2.2616 5.6514 -1.7038 3.8869 -1.2122 3.8503 7.3205 -2.5503 -2.0637 22.7706 2.8823 5.8428 -3.2584 4.436 18.927 -7.5421 6.3093 0.0315 7.0437 -0.7236 2.8789 9.5827 1.6522 -3.6371 33.6496 3.9395 8.645 -12.5596 12.4827 28.1408 -10.5213 7.6532 2.0083 13.2054 -10.3766 4.7382 6.9086 3.0018 -3.3837 19.6748 4.249 14.6864 -13.9785 9.2258 37.7377 -11.5124 7.4653 0.7566 13.9685 -6.97 2.9518 8.8144 1.2687 -0.662 12.4569 4.2615 6.757 -10.8757 19.0596 43.2976 -19.5092 9.0699 3.1661
3.8569 -3.4146 0.4674 -2.1266 2.3194 5.488 2.5452 0.2633 10.1225 2.2808 5.0176 -2.6861 8.7648 14.3578 -2.1305 5.7237 -1.4382 5.5901 -0.1621 3.5898 5.8524 -1.8274 3.8943 15.4865 2.974 5.6268 -4.2309 8.099 27.4956 -7.6061 6.0511 -1.247 7.3156 -4.6527 3.8321 1.9491 2.342 1.2088 15.2317 3.4806 8.659 -12.0969 17.0881 28.397 -10.1019 6.8899 -0.6117 6.8035 -7.0385 3.0639 7.6081 1.2964 -3.0789 30.5048 3.3793 7.6712 -2.2306 11.346 31.2073 -7.0034 6.9533 1.0717 12.2107 -9.0542 4.9933 6.1179 4.1164 -3.7931 33.3996 2.0449 14.9182 3.1502 11.7389 44.34 -7.3759 7.175 3.0269
1.2182 -0.6397 2.5532 -0.7012 1.1565 1.4989 -1.8056 6.9834 2.6734 0.9103 4.2284 -0.2081 9.4222 20.1514 -1.6144 3.776 0.7919 1.9568 1.8208 1.5436 2.7872 -1.7964 2.7482 -0.6363 -0.1763 2.8168 -1.721 8.8402 17.2954 -2.1309 4.086 0.8486 1.5162 -7.5747 0.15 5.1832 0.9868 0.2901 20.3724 0.5764 0.1151 -0.9943 8.9406 16.0075 -4.6208 5.7622 3.356 10.3293 -1.3837 2.2388 5.3726 2.812 -2.3417 13.4443 0.6671 3.5891 -7.1876 16.3552 34.1535 -4.0615 6.2905 1.8884 10.327 -6.5004 1.4113 5.749 2.0782 3.2239 10.3675 1.6321 8.9442 -9.7223 11.6641 21.7494 -0.8484 8.5283 1.5905
1.2262 2.411 -0.7784 1.7922 0.6568 1.0987 0.2719 3.5045 2.5913 1.6217 1.8493 -0.129 6.9192 9.6479 0.3557 3.1007 1.8226 0.0182 -1.9863 -0.7456 3.4138 1.4445 3.1236 10.6013 -0.9792 1.3458 -0.4674 11.7994 14.1006 1.9474 1.8186 3.1338 -5.1202 -0.9413 -2.4079 3.4285 1.9122 0.4869 2.8034 1.772 0.6958 -8.5341 2.3721 12.1109 2.253 3.4552 3.2595 -0.0531 0.7982 0.1287 3.3643 3.0902 1.1232 -8.865 -0.5833 -2.9925 -5.143 8.8966 20.5712 -0.3291 5.5081 6.0847 5.5472 4.7552 -1.6742 4.9068 4.6739 1.1415 10.8675 2.7622 6.6829 -1.164 7.2305 42.4239 -0.0136 5.6523 0.4
4.0382 -1.2875 2.5456 -2.8439 1.1428 1.1108 -0.5819 -0.7657 5.1304 1.5949 2.4022 -0.7095 6.9329 11.0958 -2.261 4.4997 -0.8617 3.557 -6.087 2.3759 3.1151 2.8479 3.2932 19.1288 1.4203 6.2693 -7.0641 14.6505 11.2027 -4.5202 5.2181 2.7623 6.9514 -2.4527 0.981 5.7525 2.6786 2.5423 10.9766 3.0638 3.4239 -4.3686 3.2729 26.858 -11.6073 4.9004 1.1866 8.7053 -1.6316 2.3465 7.7781 3.4514 2.7319 34.998 1.5602 8.9176 -3.2449 17.7043 97.8458 -8.1195 7.9112 3.8457 7.0818 -5.0768 2.8921 5.6061 1.9382 1.1632 6.2919 3.998 10.4178 -8.6367 26.9295 49.3754 -8.0513 7.0728 2.188
9.8036 -6.3287 8.755 -8.1516 8.0866 2.731 -8.3585 -0.989 35.5543 10.1559 9.2083 -7.425 14.3024 19.5553 -10.3814 10.8664 -5.5386 13.3417 -14.0816 6.775 4.5551 -7.4845 -6.4491 64.9234 7.3835 17.2062 -17.1238 20.643 29.7811 -17.6591 10.3894 -3.524 26.322 -28.1978 8.5756 16.4509 -4.8748 -6.492 89.7604 8.4235 28.4612 -20.7566 31.1133 36.6086 -19.0176 13.5138 -5.2072 34.3264 -34.1433 9.0017 12.6222 3.5438 -4.0815 127.9654 9.1252 36.6416 -33.3375 38.6107 61.5936 -41.5929 14.4961 -1.7347 34.4893 -39.0528 7.313 17.3378 4.7781 -4.2049 159.5024 11.401 36.672 -43.1941 41.9331 75.206 -33.6611 13.5145 8.106
6.807 -5.3596 4.3765 -5.9972 4.2085 6.1403 -9.1322 -1.3225 21.3794 6.1288 6.4623 -1.6897 10.2304 12.0025 -4.6122 9.0994 -3.0775 8.0124 -8.8694 4.4937 7.9967 -5.7225 -2.9274 28.9602 4.9981 11.1384 -12.3573 13.0052 29.6144 -8.1751 9.3396 -1.4192 18.8282 -14.217 7.016 8.2895 -2.4366 -0.2441 54.324 7.3065 14.0377 -13.9955 21.7702 35.5236 -18.7333 9.5243 -1.5688 16.8401 -8.9327 5.7295 14.0463 -1.9222 0.1765 74.4715 6.4947 23.8518 -16.6431 26.2699 41.8414 -19.8669 9.4081 -0.8659 21.3456 -20.9676 6.9722 13.1208 -3.9748 -5.2881 62.4697 4.8283 26.9512 -23.4974 6.7236 64.7235 -18.9448 11.8422 5.257
9.7438 -8.3682 8.1502 -7.6335 8.329 8.0693 -6.9665 -10.0063 38.4473 8.7231 10.6934 -9.2491 14.7791 20.5436 -9.8116 12.2589 -6.4602 14.4406 -19.2487 8.4209 13.3783 -2.9905 -3.8241 80.6646 9.7092 18.3621 -15.8617 22.8832 37.3198 -20.214 11.1939 -6.1597 27.1174 -24.4975 10.7099 14.451 -11.0391 -7.0062 100.5886 8.7555 28.8083 -27.2971 31.8583 38.0285 -30.3786 12.7382 -4.4579 25.5162 -32.37 8.6561 21.9438 -4.3875 -9.5564 144.6126 9.2951 42.7609 -35.1597 44.015 61.3878 -31.9467 14.4373 -4.061 42.4815 -44.5241 10.9917 18.3481 0.3673 -7.8359 185.6916 9.4411 46.5817 -44.2284 48.6226 83.7072 -53.5145 13.228 9.1466
9.1219 -6.7474 7.5099 -7.7594 8.1932 12.1176 -11.8439 -6.5907 36.6401 7.3656 10.2443 -7.7005 9.5361 18.5154 -6.476 10.3461 -7.6407 16.8018 -18.6155 9.5626 2.4345 -4.6271 -9.2091 68.5431 8.2323 18.9633 -15.6591 22.6306 29.2746 -18.1762 12.4399 -7.0392 21.3787 -18.1291 6.8954 6.8322 -5.3886 -4.8902 83.6428 7.734 28.0384 -21.865 27.4947 43.837 -27.0263 12.6387 -2.8782 26.8153 -27.5473 8.969 12.9872 -6.355 -5.3424 125.8525 7.1932 32.1296 -36.4063 37.421 59.5518 -36.9944 14.6476 -2.1949 33.179 -33.8879 9.7117 10.5285 1.1633 -1.3893 166.7833 6.8001 41.525 -26.6912 35.3858 55.2051 -39.4764 14.5673 8.3135
0.2632 0.1873 0.1374 -1.2969 0.3693 0.6878 -0.0805 5.414 8.8985 0.7046 2.0848 -0.0706 5.8744 10.1668 0.1261 1.3433 0.7744 -4.9725 3.5796 -1.1533 2.409 1.7462 4.1671 -0.6809 -0.5177 3.4783 0.6885 6.262 14.476 0.0939 2.8087 1.8114 -2.01 6.6548 -0.3828 3.6257 2.753 3.2434 9.3295 0.8742 1.9213 2.0523 8.1803 16.4698 -1.0769 6.5202 3.6812 0.2038 2.599 1.3074 4.2805 3.1288 3.7496 2.243 0.8959 0.001 -2.1575 5.8563 40.8778 -5.9375 4.5564 5.6028 0.4994 -4.2404 0.7399 5.3388 4.0874 4.091 9.8381 -0.9163 10.1164 -2.6969 11.0279 47.0259 4.8591 5.4855 0.4577
5.5078 -2.7757 4.362 -4.3808 5.3773 4.0346 -6.3805 -3.3581 16.0419 4.4074 3.7329 -2.8114 9.8527 12.5009 -4.5983 6.979 -2.7536 6.5606 -3.7811 3.7025 1.6032 -4.0177 -5.3397 22.3304 4.8587 12.4797 -10.9017 16.8556 43.8489 -12.4462 7.8534 -1.7763 9.7668 -6.7128 5.6418 7.3404 1.2757 0.2332 48.75 2.9637 12.7242 -9.3438 15.3314 27.7654 -10.9398 8.9236 -0.634 19.0572 -19.5459 3.9246 1.5265 2.678 -1.1734 56.0457 3.9333 10.147 -14.8222 25.3415 38.1737 -17.6981 9.3382 0.9992 11.3574 -16.9958 3.8696 10.797 -1.992 -5.1515 48.5882 4.6704 18.3819 -12.9769 31.9845 43.5319 -23.7201 10.5524 4.5609
3.9071 -0.9578 -0.3633 -2.6471 2.247 7.8044 0.2927 4.6927 9.5259 5.6075 4.6817 -0.5147 7.7499 12.5008 1.3998 4.2516 0.3072 4.9279 -2.7759 1.2926 4.936 -1.1622 -1.8152 14.31 3.3726 3.9967 -3.8313 11.7611 17.4705 -2.915 6.5506 0.8383 4.167 -0.51 2.6461 6.9004 0.7063 -0.6485 36.7303 2.484 13.3485 -11.0991 11.7382 17.5002 -6.5585 8.0633 1.1458 7.4405 -4.2451 3.1652 6.6234 -0.8642 3.3859 25.8433 2.5522 12.9123 -10.971 13.8332 22.6568 -6.4717 5.8804 2.5063 19.3897 -4.0336 2.6759 9.3137 3.2834 -0.4388 -9.5923 3.0005 10.0115 -11.1794 11.2975 46.4258 -21.0682 9.3309 2.6519
5.7527 -2.6795 2.0941 -1.7494 3.6131 4.7207 -2.3237 0.622 11.7735 1.8718 5.2803 -1.0748 7.6908 11.0588 -3.4939 6.5402 -1.5758 3.678 -3.752 3.4441 4.6323 -0.1491 0.8225 21.2365 1.8741 7.0629 -3.4489 11.3766 16.2805 -10.624 5.528 0.0127 5.9858 -7.6296 3.5005 7.6046 0.4894 2.5233 28.8546 3.1082 9.2929 -11.5501 15.9954 33.3361 -14.4298 8.4143 1.9071 11.5434 -8.6458 4.0034 6.7402 2.9317 -2.1412 43.9866 2.4209 11.465 -17.6124 14.483 27.5786 -15.8569 8.3341 0.7891 -2.1835 -9.2123 2.4856 7.9881 2.1741 -2.9095 49.1385 4.7149 18.134 -10.8649 23.4087 32.9845 -19.3188 9.6164 3.0467
7.0746 -4.845 4.6862 -3.5157 3.3644 7.4836 -2.6126 -3.4494 15.7363 6.1052 7.2716 -5.237 9.6981 11.1672 -4.7321 5.466 -4.106 11.0477 -8.3903 5.5767 5.3741 -6.0756 -2.5383 43.866 5.1133 10.3899 -11.9254 8.1245 24.2766 -9.6 8.6275 -2.0148 6.3012 -8.8053 5.8017 6.9909 1.5948 -0.7392 51.4382 6.4895 15.1777 -14.2039 20.8623 32.279 -14.1128 8.6659 -2.1543 20.0644 -20.3808 5.8828 13.4664 -4.7031 -0.5191 53.7255 5.0606 17.525 -24.9059 18.8899 47.7417 -21.1897 9.4319 0.2366 21.2295 -24.2602 4.364 9.082 -1.8045 0.5382 77.5179 5.9199 27.1961 -6.3328 36.6516 58.6636 -25.1407 12.576 5.0731
2.3154 1.5469 0.6409 -2.0843 2.0782 1.3975 -1.4565 2.1681 2.9083 1.3639 1.7327 0.8657 6.0241 12.7446 -1.1577 3.3952 0.9608 3.3049 -2.6108 3.5614 2.3128 0.9664 2.6774 2.1192 3.3604 3.3178 -2.9988 10.2206 19.953 -2.1947 4.723 3.0274 2.4666 -2.3096 2.8834 3.0271 0.419 6.1475 21.8164 0.7215 3.3116 -2.5236 9.3888 42.7193 -7.5612 6.5735 2.4391 7.3562 -1.7122 1.6345 4.9475 1.9258 1.5779 12.147 2.121 13.656 -9.6562 8.3294 17.2614 -7.174 5.886 3.0105 3.7603 -9.478 0.5053 3.5586 4.0865 1.1718 25.2023 3.1514 1.9853 -6.3057 27.2074 40.856 -6.1295 7.94 1.811
8.9523 -6.7893 6.8225 -5.5716 8.4424 17.1833 -6.9067 -1.2736 32.1725 10.1143 8.0573 -7.3551 11.7609 14.6175 -7.0358 10.0187 -5.1313 11.4619 -15.9745 6.8553 8.914 -3.7193 -7.3174 53.2328 6.4803 14.868 -16.5801 16.6235 23.88 -17.3847 9.4615 -4.2091 20.4962 -14.353 9.2358 5.5399 -7.4028 -7.5985 77.1527 7.6193 22.0093 -21.5906 25.3504 38.8092 -22.2071 10.9455 -2.5751 29.3771 -34.1842 8.4233 16.3468 -5.2984 -3.5742 100.8521 7.4937 30.5624 -27.8141 38.7708 43.4515 -30.4843 11.8167 -3.2512 35.7208 -41.0968 7.787 11.7254 0.4014 -5.3242 147.0728 7.4533 30.719 -41.365 33.718 57.9683 -33.6773 12.8955 7.5967
1.8779 -1.0059 1.9049 -0.5459 1.9546 4.6241 -1.2516 -1.0165 5.7551 2.3538 3.0496 0.6038 9.1509 12.0501 -2.2478 3.8607 -1.2382 1.9052 -2.4348 3.6718 2.4435 -1.2104 0.0391 17.8412 2.4904 4.5907 -2.1377 10.4705 14.3945 -3.5041 4.7424 0.707 0.1863 -2.0332 2.1447 3.7573 0.3157 -0.0487 11.5478 1.0628 10.7463 -5.7669 10.4773 24.5007 -6.5203 4.5388 3.0494 3.2842 2.093 3.3531 4.9291 1.1685 -2.9564 12.8397 1.6365 5.951 -3.337 18.1271 26.5728 -8.7113 7.457 4.5637 3.01 -2.7811 2.9647 5.8313 3.0848 3.5147 48.0696 3.8556 10.4298 -10.1429 15.9241 21.2649 -12.3975 10.1662 2.0125
4.4663 -1.6426 1.4405 -1.3542 2.4451 6.1464 1.3179 2.0802 7.9939 2.5979 2.4451 -1.4305 7.0386 13.1358 -4.1542 3.9819 1.4586 3.1993 -5.2739 3.0929 7.3365 -0.164 0.0774 13.2889 1.8355 8.3146 -2.8945 8.3748 25.302 -4.9831 7.2079 -0.0166 -0.5071 -2.7066 2.6169 6.0093 0.6123 1.5397 18.6713 3.6004 6.3244 -8.2674 13.2448 27.1667 -2.5233 5.3864 1.829 10.4512 -9.9545 1.5919 5.8726 1.7945 2.504 17.4977 2.4741 16.3624 -7.9445 10.3782 42.468 -12.5563 5.4256 1.7105 19.9525 -7.0201 2.8537 8.3934 2.6397 3.191 30.4373 1.9168 2.3147 -16.2271 14.0489 58.6444 -17.0725 8.2849 2.5881
11.8944 -9.4897 10.4587 -8.6571 9.5198 15.2852 6.7544 -5.4423 43.3802 10.1405 9.4791 -9.3023 12.0196 22.7636 -10.0752 11.6168 -6.4228 18.3812 -17.4615 10.1405 15.6838 -12.3507 -6.1868 92.2678 8.819 20.8263 -17.3823 19.3218 45.4882 -19.5858 12.7074 -6.8262 25.6846 -25.6139 7.9209 8.8374 -5.8175 -7.5776 130.7141 10.3847 30.709 -31.1252 31.4062 46.6178 -27.9741 13.7728 -7.0839 33.6691 -36.1798 7.744 15.4666 -7.2268 -5.1127 195.6508 8.6542 43.0229 -38.5407 42.6861 62.6112 -38.2168 14.496 -4.6786 43.8864 -44.3176 9.2282 12.4074 -6.8488 -12.6565 220.4184 8.0642 53.0688 -54.7729 55.9553 68.2347 -56.9839 16.7291 9.9215
11.1946 -8.0005 7.5261 -6.6411 8.2194 8.6098 -4.428 -4.7646 25.8864 9.2819 10.6374 -5.5607 12.9095 14.2154 -8.5164 10.7031 -7.4625 13.0907 -12.7317 8.8631 18.1741 -5.8001 -7.0766 57.3225 8.1873 20.2699 -13.4587 19.3099 30.9582 -17.1832 10.2557 -5.8869 11.8558 -18.7675 8.854 11.5368 -4.5615 -2.5225 105.9489 6.2827 28.2483 -20.2769 29.0889 44.8139 -22.2013 13.8706 -4.8946 29.6883 -20.8854 8.986 15.7023 0.0246 -4.7448 108.815 7.4401 36.826 -25.9671 38.0008 69.9825 -32.6587 12.0598 -2.5575 35.4846 -31.907 8.4507 15.86 0.3725 -3.4338 154.2758 10.0666 42.3431 -38.3821 43.6147 79.0989 -47.7919 15.0045 8.0735
6.9479 -5.6691 2.9376 -3.5601 6.3593 4.6639 -7.9514 -3.6889 20.8568 5.3784 5.9209 -3.5663 11.3914 13.4111 -6.2061 8.4285 -1.38 7.8325 -9.6484 4.5489 8.8823 -2.8357 3.231 32.4812 7.3423 9.4875 -11.8384 16.7581 22.6266 -14.0739 8.4793 -1.1651 18.6176 -12.4476 5.3975 12.3957 2.0594 -3.6184 61.2621 4.8346 19.5057 -8.788 20.1489 41.6344 -15.9348 9.6381 -2.2538 16.0958 -23.9262 4.7483 9.011 1.1128 -3.4015 78.3976 5.0032 26.5587 -21.1559 31.0438 43.2897 -25.2404 9.5712 0.5178 28.2873 -29.4979 6.26 9.7747 4.2293 -3.5331 74.8354 3.3627 32.5161 -30.0802 30.5533 40.8022 -33.0922 11.9882 5.5333
6.9893 -4.5501 5.2769 -5.9933 7.4029 4.3076 -6.9199 -5.1864 24.2479 7.5664 8.0339 -4.2122 12.0765 14.5741 -5.0314 9.1243 -6.1932 10.4034 -7.9601 6.2508 11.4324 -6.6452 -6.0018 45.7341 6.2216 10.3982 -10.209 16.3497 21.0612 -15.2324 9.7942 -3.7516 18.4638 -17.7374 5.0631 7.6898 -3.443 -4.3039 77.4899 7.7739 20.7168 -19.3031 24.7148 32.1767 -22.2301 9.6612 -3.9073 23.7675 -15.1445 5.7325 14.4727 3.5255 0.478 98.6513 6.6214 26.9128 -21.3709 35.179 50.5747 -26.2308 11.9387 -1.0968 30.8092 -24.6243 6.723 8.4399 1.5359 -1.6968 103.925 7.314 35.3445 -26.5942 30.8198 57.2576 -33.9326 13.8895 6.4641
4.1842 -3.1043 2.6859 -2.0725 3.3538 4.9416 -2.1424 -0.252 8.8037 4.8667 4.7878 -1.0961 7.9166 19.1613 -2.6859 7.3917 -1.0162 6.0612 -0.886 2.4556 10.6843 -2.9996 -2.4745 10.0883 1.3251 10.0776 -4.1728 8.8775 34.6114 -3.8028 7.0736 -0.6468 3.4247 -6.031 3.2391 7.4882 0.6733 -0.6635 32.935 3.8589 13.302 -5.9403 18.0377 19.1044 -10.1817 7.3486 0.9218 10.4769 -5.2445 3.8963 10.429 3.0061 -0.6103 18.0282 1.4029 18.7191 -9.1806 19.9559 41.4967 -13.0992 8.47 3.855 11.4958 -17.2009 3.9241 3.7146 1.002 -2.2227 30.3062 1.3917 11.3248 -10.4117 25.5014 48.668 -10.5664 8.9093 3.1182
6.7157 -4.5507 5.3809 -2.4235 5.7138 4.9362 -4.168 -4.65 17.5083 6.4257 7.0258 -4.1722 10.2942 14.2382 -6.6735 9.3917 -5.3595 12.6836 -7.9616 8.3755 2.1086 -6.3907 -3.486 48.4926 5.2563 15.1508 -11.6881 17.9626 19.9787 -9.1766 10.3622 -4.0912 15.7 -6.8351 6.6652 8.5079 -2.119 -3.505 70.2957 6.1405 15.5277 -14.4628 22.719 40.6784 -23.8266 10.9162 -0.9952 20.4504 -18.0071 4.8044 9.3397 -3.094 -2.1909 70.591 5.1498 29.7078 -25.1998 38.9876 94.0465 -23.9645 11.1112 -0.7731 25.2429 -27.4974 4.692 8.066 3.1706 -1.6486 91.6806 8.056 33.4576 -32.5672 25.7966 55.0927 -31.7548 10.9868 6.2182
3.4717 -0.8911 0.9257 -3.3857 5.0284 4.7335 -4.072 0.2367 10.0217 4.079 4.2717 -1.9656 6.9963 12.7689 -0.8916 5.5854 -1.6747 3.3884 -7.4194 2.4971 0.7946 -2.0996 -3.1261 9.2324 2.5427 5.9554 -6.7154 10.0266 12.4972 -4.4713 6.3982 0.6382 6.3967 -10.125 1.9751 5.5167 -0.3624 -0.0718 10.2735 3.6847 11.8705 -9.0075 16.9214 24.3187 -15.0269 6.0025 -1.7444 9.3 -17.9478 3.5951 4.7862 4.3764 -1.6827 26.2723 3.3409 13.2692 -22.212 13.4823 53.2798 -5.8886 8.8352 1.2138 10.3159 -22.0132 3.2386 9.1769 1.7877 -2.4622 48.0317 2.6715 23.8503 -11.277 16.3588 70.8769 -28.0551 8.9371 3.2977
6.187 -2.8622 2.136 -3.7245 6.0021 6.4154 -2.7472 -1.1205 14.3504 4.433 3.6404 -4.1326 10.915 12.5805 -5.0418 6.3602 -3.3688 8.1506 -11.1234 5.1055 3.8775 -3.7148 -3.3164 34.881 4.6326 11.9129 -7.2916 14.857 19.4942 -10.4848 9.1845 -3.2972 7.0793 -10.544 4.4869 6.607 -0.1442 -5.2457 48.7492 5.2861 13.183 -11.6287 19.7506 39.7528 -14.1359 7.9653 -0.2616 17.8148 -17.0492 7.3797 8.7793 -5.3563 -2.4577 64.22 4.6085 23.3571 -12.4044 28.8174 35.5971 -21.8609 9.4179 0.0825 13.3252 -28.1879 4.3822 8.6216 0.601 -1.2322 72.2238 3.7589 20.4455 -24.6658 24.4851 81.6039 -33.8759 10.4728 5.02
6.8747 -5.9097 5.7029 -7.2089 5.8461 9.5127 -3.7224 1.9214 23.0717 4.9915 8.0828 -5.6692 10.2546 19.338 -6.2487 11.6901 -4.4481 9.5406 -11.388 7.2706 12.7074 -6.7834 -2.9726 48.0965 6.2227 14.0071 -11.7336 21.0759 31.6906 -13.3884 9.0067 -4.2397 14.6775 -16.0546 6.9127 9.97 -3.7335 -4.8842 52.7682 7.6003 17.9626 -20.9381 23.9232 49.8032 -25.746 8.8293 -2.9736 18.5595 -28.6609 5.7139 14.7431 0.3686 -10.2086 86.205 7.2547 31.8129 -22.7836 33.5986 54.6365 -27.1535 9.7476 -1.1018 32.0045 -32.4734 7.3232 13.1805 -5.5085 -6.8613 99.7527 7.1457 33.7987 -34.8782 42.2257 60.6116 -32.8142 13.0989 6.7709
6.0181 -4.3892 4.5372 -3.6368 5.0555 5.147 -4.7031 -2.9506 18.357 4.9845 7.1019 -4.9903 9.7073 13.432 -5.8047 7.5273 -3.9743 6.1835 -7.3832 2.6107 2.7333 -4.6962 -0.352 20.4911 4.428 7.8725 -7.7804 16.5541 27.7166 -8.9259 5.5054 -1.5374 14.4472 -8.5258 3.6701 6.4245 2.8416 0.7991 41.7718 5.5705 17.1745 -11.6152 21.384 30.8821 -12.961 7.5804 -1.619 19.4824 -18.2338 4.4208 7.1133 -1.7282 -4.3173 40.6098 4.4444 19.3992 -19.755 27.5781 42.2205 -21.8811 11.0043 -2.0404 21.4859 -17.7159 6.2537 2.4888 1.677 -1.6573 65.0677 4.3658 17.2085 -24.6855 29.6048 67.2322 -25.6811 9.9166 4.8499
3.7943 -2.5182 0.7313 -0.4643 0.7996 3.7838 -0.8292 -0.2367 10.0585 2.0532 3.2523 -0.8236 6.2758 8.0808 -2.8873 3.755 -3.1963 1.6557 -1.5317 3.0766 7.3285 0.6665 1.9759 22.0816 3.5367 6.1436 -6.9635 8.4061 20.4571 -4.2493 4.9676 0.4524 0.8504 -11.2766 2.4672 7.26 -0.4324 4.5651 20.5722 1.2936 11.163 -7.3155 16.2527 57.1284 -5.0594 5.5518 2.3307 6.8343 -4.0027 2.9148 6.5238 -0.5756 3.5115 34.4766 2.3698 9.4791 -11.4759 8.4956 36.3246 -8.0911 7.2086 2.4651 1.9762 -6.0685 2.9513 7.6765 2.416 5.7782 3.3946 2.0356 13.2256 -15.6522 23.4254 21.1682 -2.9216 9.1201 2.4393
8.6025 -6.6732 7.0323 -9.0081 6.0283 5.1096 -14.2024 -5.0361 31.2865 8.5707 8.8886 -8.0417 11.5829 16.9976 -6.7694 9.8411 -5.7504 10.6758 -16.2484 5.7443 15.4205 -10.674 -6.6915 58.4361 8.7034 20.2632 -12.3349 18.4782 22.4582 -14.8078 10.1387 -4.4038 17.7096 -23.7482 7.7232 10.542 -2.2061 -3.9278 77.8949 8.5918 25.1316 -26.9991 30.5955 33.2285 -28.7017 11.3627 -3.0062 28.8126 -30.1519 7.8236 14.2106 0.4676 -5.4336 113.0646 7.7853 28.3981 -24.0244 35.3594 53.4449 -32.467 12.2895 -2.6131 32.3366 -28.5944 8.3151 11.6595 -12.732 -1.6208 127.7602 7.1234 42.4946 -31.5651 47.6977 72.5907 -35.7543 12.4907 7.6546
1.5419 0.0296 0.3186 -0.3223 -0.0809 0.9345 0.3144 1.9325 3.0042 1.614 0.8088 0.3851 5.5027 9.0716 -0.0881 2.4134 0.5155 -4.5392 -0.0259 1.147 4.7827 1.7856 3.2457 2.4782 0.1749 3.1365 2.6654 5.5632 17.0287 0.0931 1.4218 0.946 -3.0219 1.1713 2.3123 4.3025 2.9161 -1.5874 18.758 0.5101 2.6861 -4.7476 8.4852 27.3307 -2.075 6.1479 3.3584 -1.7265 5.3999 -0.3801 4.4923 3.6236 -0.961 -7.4258 -0.2766 5.3898 -3.3412 9.3392 19.6435 -5.7481 5.8953 4.0236 5.1254 3.523 0.2186 5.4766 4.614 4.4839 14.2954 0.8715 -1.2856 2.6175 3.4027 23.2925 0.1439 8.4932 0.7378
3.4478 -1.9406 3.0715 0.157 3.13 3.4401 -0.8351 1.0186 9.5469 2.4391 5.1942 -1.9364 7.2274 10.9379 -2.6201 4.8222 -0.8861 5.7297 -3.4902 1.3235 0.9002 -0.0153 -0.5011 19.0573 3.4019 6.1438 -7.3726 11.3073 26.3704 -7.0445 6.6593 -0.5269 9.9718 -9.0735 4.4103 9.377 -1.1567 3.4819 24.7959 4.3927 13.9382 -9.9379 3.6399 32.4714 -7.1018 7.9855 -0.0165 0.8737 -8.1918 3.309 5.7126 0.9357 -3.9862 38.232 2.6312 23.3941 -11.9573 20.1158 22.297 -4.8824 8.8628 1.9545 16.8548 -8.2117 3.8186 10.2982 4.1677 -2.6992 46.7067 3.6848 17.9154 -19.8324 31.9651 53.0249 -7.8943 10.5465 3.0969
7.063 -6.7767 6.7602 -6.9467 6.6082 4.1501 -8.0081 1.4517 26.3686 5.8961 8.7959 -4.955 11.524 13.604 -6.5519 8.2392 -6.0212 13.157 -15.6751 6.5081 5.4804 -7.6657 -6.3492 50.4934 8.3621 14.4285 -11.5527 19.5476 21.2962 -13.985 9.3889 -5.8768 17.9456 -19.8078 6.4268 12.2516 -6.1686 -1.3037 72.7613 7.4241 22.0402 -16.3597 27.6982 62.9723 -16.8049 11.4457 -3.8776 27.6841 -31.0373 6.8239 10.3081 -2.7776 -3.2931 98.2275 6.9264 28.5343 -31.6407 34.4327 40.5079 -32.9071 12.5988 -4.1645 24.7578 -35.674 6.8946 13.5393 -2.6543 -0.8952 135.7893 6.2043 33.8311 -34.6098 42.2395 80.7134 -34.6635 12.7239 7.1727
6.8947 -3.4164 4.2907 -5.4691 6.2735 6.7028 -5.8397 -1.5909 13.8828 5.5439 5.14 -5.84 7.1736 15.3343 -4.8362 7.1623 -2.2532 6.4275 -7.7171 5.137 9.515 0.102 -5.4624 28.3687 5.3798 10.974 -11.3491 14.5443 16.1581 -9.9 7.8194 -2.8876 13.7993 -10.0993 6.7762 3.3337 -0.0905 -2.1378 48.5623 4.8449 17.1584 -9.8027 16.9677 30.5131 -12.7562 8.4788 -2.6627 15.1414 -12.7588 4.049 11.5958 -1.9634 -4.6045 58.8669 3.8628 26.2216 -19.2042 22.8571 28.9835 -22.4534 10.9727 0.3008 24.2374 -25.8896 4.5208 10.6009 1.9329 0.101 77.2459 3.6844 22.5075 -22.9948 29.7705 63.0143 -17.6605 11.1855 5.0455
2.5524 0.1842 -1.036 -0.0723 3.6144 4.4686 -0.783 0.7929 4.0499 0.7965 2.6864 0.6213 7.061 7.4586 -3.2079 3.8491 0.4992 2.9761 2.7457 0.8346 3.3999 0.3074 2.4714 3.5192 1.5583 5.1267 -0.7181 10.0066 20.3327 -4.5995 2.9429 2.6183 3.9043 -1.6869 2.2174 2.9105 1.3689 2.4467 13.9734 0.38 7.478 -2.9509 3.5845 52.1072 -10.9634 5.4898 4.3509 4.593 -4.5319 2.5729 3.6213 2.1617 7.9279 6.48 1.3903 4.5465 5.0385 17.6481 22.7577 -2.0011 6.5761 3.473 3.2841 -5.6516 1.5925 9.0787 3.0002 0.0955 23.6007 3.1863 8.2415 0.3088 27.509 41.3887 -1.5196 7.1563 1.53
6.8705 -2.9634 3.5312 -4.7623 5.9485 5.5583 0.9196 -2.132 17.1396 5.0653 5.5754 -3.4 10.8621 12.7146 -7.7288 5.9618 -2.4359 11.7001 -11.1162 3.8194 9.7262 -3.7493 -5.4515 33.4898 6.3408 10.89 -10.0361 17.0434 22.74 -9.9367 8.5869 -1.7865 10.9778 -14.4622 3.2768 6.8996 -4.1679 0.7409 54.5896 4.852 14.5417 -12.636 18.7537 28.471 -15.1586 9.5869 -1.1949 24.3491 -20.3052 6.7458 6.2714 -1.5863 1.0265 67.4635 4.6837 12.0716 -15.1085 34.0854 36.1899 -20.721 9.535 -0.5318 22.1392 -29.072 4.5887 9.4042 -4.8793 -2.8689 98.8327 3.6572 33.9723 -27.4269 35.0358 55.6485 -26.8199 9.8329 5.0393
4.6953 -1.6899 4.7979 -2.4559 6.2 7.2043 -4.9167 1.5763 16.6091 4.9132 7.018 -4.2117 11.3525 14.635 -3.8795 3.7065 -3.9345 2.7792 -5.2182 6.8205 3.6977 -4.0286 4.2992 22.7261 4.4416 6.4192 -7.1448 13.6614 17.5395 -15.477 9.8308 -1.8543 8.4332 -12.6914 3.9273 10.5567 1.5693 0.1913 50.905 5.0609 19.8581 -16.6005 21.6717 32.8345 -14.0299 8.4356 -1.6941 11.1359 -11.025 3.4184 6.6958 -3.8521 0.7717 46.5265 5.1674 20.1673 -13.534 15.5325 41.2748 -19.7507 9.6392 -2.804 15.3371 -20.1566 7.0559 12.0261 -2.5061 -3.4627 58.4225 6.8425 21.5155 -13.749 29.2746 53.284 -15.14 8.2783 4.9396
8.681 -6.3141 6.9639 -5.43 8.373 4.9975 -6.9712 -5.1787 29.8018 6.6857 7.636 -6.4774 11.8057 13.7422 -6.1963 9.2571 -5.7233 15.3245 -10.9208 7.7273 11.4882 -5.0327 -6.6112 56.5268 6.9526 10.1044 -15.5262 20.7296 29.878 -11.9205 9.6339 -5.4456 20.0463 -14.3409 6.6921 9.1573 -9.9445 -1.6387 96.0213 7.7779 22.112 -27.7711 29.0282 30.6005 -28.2138 12.5711 -5.673 31.4598 -24.7767 8.6589 5.4952 -2.6877 -4.1951 105.7741 6.9507 31.7143 -33.0561 35.9365 42.6968 -37.1241 13.3349 -2.9232 31.5246 -33.7231 7.9433 11.0389 -1.801 -2.4416 140.643 7.0108 41.4889 -50.6309 38.0614 55.161 -41.5725 13.4869 7.512
3.4197 -1.322 -0.1514 0.0533 2.84 3.8328 -2.237 -1.987 12.7839 0.9372 2.714 -2.1423 7.9054 10.2719 -0.0629 3.776 0.5975 3.9488 0.6172 3.7381 3.9301 -0.3967 3.6391 7.4659 2.167 4.8939 0.3949 11.825 19.8565 -3.4238 4.6339 0.6967 1.1639 2.5645 1.5881 4.3392 0.8665 -2.18 8.4447 2.2443 7.4771 -4.6985 14.2486 36.2498 -3.9574 6.844 1.824 1.5159 -1.0104 1.9809 4.7764 1.733 -1.5501 26.8401 1.3753 13.3411 -2.432 7.2493 41.7059 -8.982 5.8972 3.3717 -6.5596 -6.298 1.0233 6.0097 1.9809 -0.9078 44.8893 1.9907 10.537 -6.0785 23.9241 41.1552 -17.6741 7.7121 1.7465
9.4576 -7.5612 7.8029 -8.9091 10.9457 9.2005 -3.0609 -6.1064 29.2253 9.3162 10.0999 -9.3322 13.0787 20.6902 -10.2663 11.0782 -6.5733 15.2721 -12.105 7.8113 11.0531 -15.2173 -2.3572 65.9018 7.5039 16.3479 -14.3922 22.4344 29.0286 -11.3766 13.4326 -6.5003 26.7806 -23.8028 7.9354 13.5988 -4.4108 -8.8209 92.1729 8.5784 28.9177 -24.5487 32.616 55.9854 -23.0787 11.3174 -5.0331 29.7025 -28.6706 9.0271 25.0023 -1.3232 -4.7609 150.633 8.2557 38.5066 -32.8789 41.4634 88.106 -35.8109 12.5303 -3.5551 33.724 -36.4917 8.141 17.5061 -1.2587 -6.3397 142.6703 8.2615 50.1265 -47.4191 35.5626 70.1286 -39.9079 16.1263 8.4839
9.4569 -9.2763 7.5544 -7.2891 7.9543 -1.8658 -9.851 -8.6202 31.6034 9.937 10.3064 -8.9712 14.3069 15.0443 -8.4877 10.7075 -4.9943 14.2505 -15.2554 8.1572 16.7819 -11.2821 -2.984 74.2244 8.4868 16.2786 -17.937 23.5751 24.6023 -17.2828 12.5822 -5.5948 21.3852 -18.3061 7.4312 11.8695 -15.1027 -6.4602 117.7538 9.4454 27.5866 -25.4886 31.6825 45.7074 -20.5875 11.9014 -6.0507 28.4645 -33.384 8.2633 6.6256 -8.1261 -4.053 129.0115 8.6717 32.392 -34.8032 39.3753 42.5355 -32.8943 13.9618 -4.257 36.7086 -45.3998 10.1437 12.9338 -2.1956 -8.4668 172.2827 9.1074 39.7725 -40.7017 48.2415 60.6088 -44.8533 12.6529 8.6483
0.6367 0.7114 0.6829 0.9626 -0.7795 1.7362 1.2879 1.8083 5.2365 -0.8901 0.7784 0.6636 5.6323 6.5737 -0.7484 2.832 -0.3815 -3.366 1.5655 2.3656 2.0448 1.6528 5.48 6.479 1.9283 1.3657 1.4771 14.4256 16.6126 -1.8305 5.3316 3.3466 -2.6762 3.5763 -0.8327 3.4319 2.9176 0.2757 0.8357 1.6108 -2.4616 -3.2063 5.0945 19.1586 3.1098 5.6253 5.9654 -4.3197 2.3978 0.9326 3.3714 3.1761 2.343 8.9571 0.2137 1.7825 1.4135 10.7978 18.5014 -0.5402 6.031 4.9031 3.61 -6.5861 -0.5908 4.9024 5.0251 4.3956 6.628 0.5665 8.7181 2.3132 1.9628 20.112 -4.4928 5.7564 0.4186
6.23 -2.5975 2.1378 -4.2553 5.7878 5.5314 -4.3112 1.3012 9.5002 2.5661 5.7332 -1.6919 7.8065 15.0987 -1.7951 4.074 -0.4157 2.5842 -6.3232 3.2256 5.9054 1.6932 3.0081 14.5397 5.4939 8.3101 -8.7713 10.642 21.1026 -8.1409 6.1666 0.1274 8.5637 -3.8365 4.4948 5.7167 1.0311 2.15 26.5553 2.9539 12.9471 -12.5666 14.8548 45.4926 -6.1063 5.4846 1.7011 4.0867 -9.4045 3.4798 4.8051 2.5511 -2.1893 13.0374 2.1224 10.7245 -6.9898 16.1371 28.135 -6.9229 6.4807 0.9177 5.5658 -8.0029 1.9683 7.49 -0.4568 -3.9329 29.1996 2.0778 16.6791 -10.3048 17.1318 44.6258 -19.0388 10.0519 3.1718
1.888 1.2685 -1.2507 1.4903 -0.4374 1.4175 1.0174 -1.3465 3.934 -0.1614 2.4489 1.123 6.8611 8.2723 -0.2234 2.8487 1.8769 -2.9984 2.762 0.105 1.4147 2.0957 5.1809 6.4387 0.2605 6.0817 -0.166 3.7136 7.9412 0.5136 2.9852 2.2449 -4.5782 -0.3052 0.3103 3.763 3.0248 4.6252 10.4623 0.6344 -7.1861 -0.4989 7.6162 22.7281 0.6509 4.5572 2.3268 -2.945 0.8497 1.9767 3.8561 3.1225 6.883 -2.5566 0.1544 -2.4259 -0.8472 6.8321 18.0543 1.9468 5.9222 5.5618 -2.8039 -0.5656 0.5331 5.0334 5.2341 -0.206 -17.7467 0.4524 3.2104 -0.43 7.0965 23.2336 -2.0467 6.4799 0.1375
5.2145 -1.6591 1.1298 -1.0896 1.0907 3.3502 -3.7186 -0.7169 4.7088 2.9141 5.1396 -2.0651 6.1998 12.4815 -3.2035 5.1091 0.5555 -1.4313 -0.232 3.5913 4.1237 0.9635 0.8638 1.6729 2.5199 4.4872 -4.3422 7.857 21.6052 -1.3821 4.8806 1.1625 4.1169 -8.7834 2.5319 5.2531 -0.5948 0.4622 2.5672 2.7973 8.1581 -2.6074 10.6827 20.4066 -7.2313 6.6238 2.7437 7.4525 -12.328 3.9837 4.0138 1.2351 1.6386 29.4666 2.0839 6.5976 -12.5936 16.9195 42.6569 -8.8779 7.4022 3.4355 7.4012 -11.3337 3.4493 8.2095 1.9673 -3.2271 29.9406 2.0355 14.6433 -14.7077 17.8282 22.1341 -5.2194 8.512 2.3903
8.145 -7.4459 5.1875 -7.1233 6.0128 10.3526 -0.7383 -4.1067 21.2234 9.0421 6.6781 -6.8319 10.506 20.4147 -7.7275 9.3166 -5.1638 10.8374 -11.7455 6.426 2.3532 -3.3037 -2.6705 44.6295 5.1383 18.6857 -13.5952 18.6929 23.4422 -15.8636 11.4995 -3.677 19.6846 -14.2078 7.0162 11.3811 0.177 -5.9169 78.7352 6.3571 22.851 -14.9308 25.5775 56.4537 -19.6878 14.2608 -2.0201 23.5137 -22.3461 6.7067 14.4614 -0.3156 -5.0712 82.5526 7.2268 24.2023 -23.8652 36.7154 72.1132 -32.166 11.8837 -1.1074 23.5078 -32.551 5.0861 12.1219 -9.2532 -5.6443 122.1692 7.6166 30.1434 -29.2173 38.2661 65.3267 -23.75 12.4442 7.0649
3.4495 -2.0444 3.3737 -2.2896 3.829 3.9019 -1.546 0.3934 9.7181 2.4873 3.8597 -3.3165 7.6298 21.4749 -3.6509 6.4382 -3.8207 6.1355 -1.8116 1.7546 3.7306 0.4342 1.0776 16.0002 3.7629 8.0873 -6.0388 5.7044 19.4357 -6.1658 4.7951 0.7623 5.03 -8.4429 3.8405 7.089 0.9347 -4.2603 14.3101 3.1676 5.5872 -10.5689 9.6837 33.1084 -15.3925 4.3513 1.5089 1.8466 -10.9923 1.9681 6.7332 -1.193 0.1965 28.7357 2.5635 8.6749 -11.4232 11.4792 32.6949 -17.3967 9.1879 2.7179 11.8174 -14.2764 3.2719 8.333 1.9335 0.638 13.7932 2.5249 15.3534 -16.1404 19.7256 40.5765 -12.3835 9.2819 3.0809
4.5722 -5.4387 4.2507 -2.0375 4.545 9.0321 -1.1523 1.2835 18.0796 5.3087 5.7508 -4.1093 8.4707 22.508 -3.9276 7.4899 -2.6652 6.6612 -5.6862 5.4465 7.3329 0.9372 -3.7372 39.5266 4.0046 12.9887 -8.1439 16.7805 40.1973 -11.8135 8.3928 -2.5261 8.6215 -14.1491 5.6223 9.0692 -0.3902 -3.6168 36.325 4.8929 16.4323 -12.2093 23.3247 34.0853 -19.4539 8.2447 -0.6864 14.7309 -11.0696 5.5814 4.4254 -1.0051 -0.4504 59.2911 5.4788 30.533 -20.8319 25.6083 54.4145 -24.3371 11.5649 -0.4376 28.3309 -14.2708 7.3019 15.6764 1.5138 -5.4916 56.4971 5.1564 22.3029 -21.417 37.8443 51.8745 -36.1951 10.8496 5.0855
0.8804 1.3805 -1.0867 1.2676 0.1166 0.5943 0.8022 5.4718 -1.8291 -0.3173 0.4238 -0.5893 4.6732 9.2206 -0.2062 2.7808 1.2652 2.1633 -1.6157 0.0638 3.2247 0.9563 3.4809 -2.7563 0.4126 2.7546 -0.2027 5.3092 20.8143 -0.2921 3.4701 1.3042 -0.5124 2.1103 0.8686 3.7429 3.2936 -1.2236 28.0368 1.7205 2.2808 3.2125 3.5106 37.6471 -3.1616 5.1905 3.6285 -0.2829 5.872 -0.8581 3.9799 3.7273 5.1562 12.9261 2.4448 5.3407 0.3993 9.8797 37.8998 1.3107 4.3691 4.4586 2.2825 7.5581 0.8647 4.1789 5.1516 6.1881 8.8567 2.5985 5.0284 -9.468 7.5318 22.5406 -7.5685 6.6301 0.5165
6.872 -6.4751 5.0443 -5.9229 5.3384 9.0751 1.0462 -4.1961 22.7801 6.9692 4.9667 -3.944 10.8948 11.5428 -5.4481 7.9137 -4.6351 9.1913 -8.6155 5.5019 6.648 -8.6564 -5.9103 25.881 6.0694 12.1483 -10.133 15.7892 25.4712 -8.6438 10.8975 -2.7303 13.0975 -18.8824 8.0917 5.1418 -3.1793 -4.426 37.3815 5.5483 18.1995 -19.0499 16.4961 37.6153 -27.0435 11.32 -1.0265 15.6999 -19.7769 6.2019 8.8059 -6.5368 -7.3542 57.9922 5.5667 20.0379 -25.3797 30.864 34.4526 -22.2315 11.6574 0.5994 28.8856 -22.978 6.5271 9.446 -1.7766 -2.1291 99.1708 5.2566 33.8806 -31.9364 25.0546 39.6784 -34.0648 11.0678 5.6457
3.2285 -0.3567 1.0738 -0.1237 2.1283 2.7239 1.4527 1.3472 8.7958 1.2394 1.9686 0.5812 6.1423 11.5193 -1.09 3.6517 0.1287 0.6517 -1.3799 1.7351 3.2799 0.7373 0.6772 6.9312 -0.032 2.975 -1.4204 4.3858 16.0576 -0.5457 3.6068 2.088 -5.4152 1.1325 0.7395 6.7348 3.2686 1.0924 -0.2693 1.5034 2.0242 -2.4525 -0.7223 33.384 1.1304 6.0545 1.7526 -1.5011 0.4406 0.7341 5.316 1.5974 -1.8221 3.056 2.4916 5.7079 -3.0535 6.5962 22.7321 -5.8954 5.5827 4.3961 0.0055 -2.1259 1.2529 6.0992 4.3191 0.6644 4.1612 0.5342 6.612 -0.8515 13.8454 36.1768 4.5213 8.4034 1.2148
10.1811 -7.4704 7.5065 -6.1815 8.8703 13.4449 -13.57 -10.0462 37.7534 9.608 8.9497 -7.9777 13.7009 21.8982 -9.528 11.9885 -6.8727 16.8077 -16.1886 7.346 16.2821 -11.5725 -8.9719 74.0652 10.6954 20.6493 -17.2746 17.2892 37.3172 -15.3816 10.4191 -4.3693 24.5938 -19.8074 9.7692 14.4888 -7.3062 -5.9464 94.7933 9.3737 24.5794 -25.1521 36.7572 44.3494 -23.3984 11.5 -5.5777 27.0349 -27.9973 10.1512 18.0912 -14.8711 -4.7758 157.6628 8.8033 36.2658 -35.7975 40.0338 46.7835 -30.8088 14.0607 -3.5815 44.431 -42.7072 8.2781 7.1008 -1.4322 -5.7811 187.5235 9.117 33.9924 -43.5773 58.7032 79.064 -48.2853 15.9883 8.9284
-0.0257 -0.6659 -1.1592 0.8862 1.0258 1.0117 1.0667 -0.4765 6.4515 -0.4128 0.108 1.1029 5.7202 10.1039 -0.2598 2.5985 4.3058 -3.5855 1.3747 -1.4222 1.2368 1.3003 0.7542 -5.2054 0.5641 -2.2127 -3.4381 4.8887 10.8199 -1.3291 3.3789 2.7841 -2.1658 2.2175 1.4386 2.4436 3.1512 4.1187 13.7676 1.2425 -0.8242 2.2838 6.6773 18.3037 0.1671 6.3857 2.8517 -1.0491 2.2767 1.1308 4.0295 3.8872 4.3494 -1.7965 -0.1884 3.9153 2.6861 0.1507 21.8421 -3.857 5.6272 6.1329 -16.1227 9.2459 -0.9545 6.6347 4.8498 3.8842 -13.1467 0.0077 -6.1982 1.4149 10.3508 37.6861 -3.1851 7.483 0.1463
9.4999 -5.4322 6.772 -7.3426 7.9165 10.3756 -10.0673 -7.3554 30.9512 9.954 8.8854 -5.8872 9.4471 17.4127 -9.0571 10.4944 -5.643 12.1143 -15.9087 9.0024 9.7625 -4.334 -6.5245 59.5478 9.2555 19.6595 -13.4988 15.9897 50.5837 -18.9912 10.7916 -4.4042 15.4573 -25.678 8.0959 18.0276 -2.8759 -1.7521 79.9621 9.3506 22.0891 -18.3772 30.1338 63.7231 -24.8274 10.0739 -3.9971 24.6503 -15.2349 9.4144 4.7626 -5.644 -7.0424 118.3537 6.2171 28.7624 -26.2955 40.2381 43.3189 -29.9431 12.9644 -3.4581 27.8898 -32.9597 7.1665 10.5105 6.3926 -4.3995 139.0448 6.9128 43.1652 -41.8507 46.5201 61.5177 -48.2065 13.464 7.8312
0.2495 -0.785 -2.1023 1.2652 2.0538 2.4591 -0.0474 2.6692 4.4377 1.7748 0.9982 1.6026 6.0444 9.2304 -0.8794 1.7632 0.1207 -1.0479 2.0827 0.9151 2.8714 0.1806 7.5905 3.6628 0.2838 2.9164 -3.1642 9.508 9.7119 -6.8378 3.0605 2.0171 -1.8788 -1.4655 -0.4009 3.6773 2.0383 2.7921 5.0895 -1.4783 0.8244 -6.0703 5.9497 9.8452 -7.5146 3.7866 3.247 12.2702 2.6602 0.3744 5.3142 3.652 3.0022 20.0691 -0.3485 -3.8893 2.1239 12.1925 11.1635 -1.4004 4.4367 4.1256 -1.3762 1.566 -0.4651 6.8767 4.0423 2.7361 12.9792 0.2081 -0.6086 3.5066 9.4508 37.1541 -5.223 6.5953 0.8996
5.826 -4.6982 4.3473 -4.6572 6.0085 6.3887 -7.9406 -4.1666 18.9962 5.4391 4.634 -4.0705 10.0237 18.7201 -2.9725 6.8214 -1.2883 11.9296 -10.2104 6.2122 10.6397 5.6872 -5.0786 32.3953 4.4222 10.384 -9.8301 16.8113 18.6158 -9.1276 8.3242 -0.0355 12.0503 -14.2471 4.7736 12.743 -3.4889 -7.4412 50.1387 4.9687 13.6138 -12.0576 21.3749 36.7654 -18.868 9.1488 -0.5898 20.8198 -17.1411 7.2084 7.5206 -7.194 -6.427 53.0525 6.9201 25.0578 -9.6326 20.3131 36.2152 -20.4419 9.6855 1.1096 21.5021 -28.441 5.1726 8.5356 -1.2832 -2.1802 75.8333 6.6858 31.522 -36.0532 21.0767 68.6288 -26.076 10.8416 5.1919
4.5265 -2.6793 2.8852 -3.0733 4.359 1.5957 -2.7409 1.5165 11.5233 5.3336 4.7794 -3.2439 9.2542 11.9444 -5.3364 7.3196 -2.2812 6.5384 -4.7136 3.6889 5.7398 -1.7173 -1.4262 14.1056 5.8392 10.0097 -6.3384 13.1057 24.8737 -7.5836 6.5671 0.4953 6.8581 -5.3848 4.3756 9.1702 -1.3749 -2.8521 39.9571 3.7553 9.7844 -9.3684 16.3778 24.4976 -11.3581 10.0683 0.6864 10.7067 -11.15 3.1086 5.1588 1.25 -1.9987 39.485 6.141 19.4479 -20.388 21.9013 33.0084 -21.4853 10.3823 0.9075 16.7979 -9.8249 2.9317 6.9793 -0.4087 0.1068 21.3867 5.1074 30.4382 -25.327 5.7199 67.2476 -14.7872 11.2168 3.8427
-0.2477 -0.0377 -0.5615 1.1553 1.4198 2.1392 -0.5338 3.1651 6.2968 1.5146 1.2861 1.2802 4.6474 14.7089 -0.6162 1.4766 0.4697 -0.7879 -2.9914 1.2447 1.9531 1.739 1.3251 1.2289 0.8279 2.9647 -1.8799 9.4202 27.0076 -2.5604 3.0218 2.0672 0.7571 4.0665 0.1612 3.4587 1.7019 4.3097 20.5559 -0.3658 2.3826 -2.6266 7.2675 14.5976 0.6112 5.2068 4.7452 -1.1882 1.0433 -0.5301 5.6669 3.3012 4.8626 5.3298 0.3092 2.3161 8.0456 10.2391 42.0153 -4.6207 5.8733 4.4345 2.1108 -1.5198 1.0305 4.8489 4.3101 2.0071 8.9256 0.8288 5.3803 0.5287 13.3646 25.0184 1.0696 6.4008 0.7005
5.1265 -3.2424 1.1853 -0.4273 1.3727 2.9829 -3.4926 3.203 8.0715 2.6019 5.3884 -1.5757 10.3718 13.5148 -1.6553 5.4645 -2.4537 2.1797 -5.1525 3.6588 1.231 0.2008 -0.1346 12.1987 3.6027 7.7721 -5.4553 8.7415 21.4538 -9.3027 6.7073 -0.3338 1.8912 -5.7205 3.4107 6.3294 0.2755 -0.6506 9.9403 4.0909 8.5015 -8.0557 12.8555 29.9883 -14.0963 7.9368 1.3909 5.9566 -3.5897 3.3248 5.0306 1.2917 0.1021 14.0443 2.887 20.801 -13.9415 10.7876 21.867 -11.6223 7.3706 1.6469 8.7325 -9.3248 2.5858 5.9877 1.4936 -0.7951 65.3574 2.5714 16.7887 -14.1797 21.1614 40.6328 -27.9732 9.3041 3.2064
7.0621 -5.2756 6.7503 -6.5103 6.5773 2.6275 -5.7167 -0.9229 20.646 6.382 6.8817 -4.892 14.3129 15.0658 -7.1779 9.09 -5.3588 11.195 -11.7873 5.8819 6.2266 -8.2239 -7.9559 53.0382 8.3191 9.5476 -13.2832 18.6721 24.7395 -14.6513 9.3533 -3.7066 14.192 -18.2103 6.159 6.6522 -2.1247 -4.9203 68.39 7.2719 21.0019 -11.526 28.5593 42.1946 -23.0041 12.413 -1.4286 23.8652 -17.7665 7.157 15.1828 1.9814 -1.7929 84.5706 5.3865 25.9431 -25.7979 33.8227 40.8254 -32.6484 11.029 -0.451 26.0167 -28.1762 6.0657 1.4387 -5.0446 -7.4382 99.3488 7.774 29.4477 -27.2733 43.5468 47.6791 -30.4201 13.0661 6.685
9.93 -8.7882 7.8064 -8.4929 8.8796 13.6427 -11.8317 -6.0093 41.2891 7.8986 9.7664 -6.7554 13.9979 17.7249 -8.961 12.2398 -5.3288 17.3131 -17.8502 10.4896 17.3378 -7.5509 -7.6675 75.6563 9.2655 20.1317 -15.4874 21.2612 35.5298 -18.8014 10.429 -6.1508 23.4424 -25.2324 9.8118 2.3999 3.6488 -3.8137 131.0162 8.134 29.092 -26.6823 31.1842 48.3384 -26.4467 14.2488 -4.1666 33.0851 -32.513 10.5254 12.4671 -1.8913 -8.7323 174.6544 10.1064 39.8261 -33.9861 46.2599 68.2275 -39.3674 15.3216 -4.1286 39.5736 -34.7319 10.0749 18.296 -8.1983 -3.2062 217.7436 9.3875 47.136 -51.704 39.7443 59.8888 -50.6184 15.9422 9.264
7.1142 -3.2126 3.8544 -3.7881 3.164 9.9356 -3.7029 -2.4731 21.2932 4.966 6.5467 -4.4196 12.2127 11.4263 -6.4099 6.3702 -1.8125 6.717 -7.7914 5.5796 12.3153 -5.5364 -4.5675 25.0645 5.0851 12.612 -6.7426 16.7004 26.1073 -7.9588 5.0674 -2.2842 15.489 -9.1356 6.0736 5.2084 -3.7011 -1.9705 49.2394 3.9009 11.2146 -16.189 20.3423 30.8716 -15.2362 7.4944 -1.3076 7.9576 -15.5118 5.2241 11.4329 0.8082 -1.3689 67.9744 4.7829 11.1802 -15.5213 23.5351 56.6083 -20.3514 10.0652 0.3481 15.7867 -11.8482 5.4091 8.4967 3.1377 -3.1965 72.0859 4.5208 21.1223 -28.2916 23.0505 36.6687 -23.1144 10.4514 4.7191
3.0628 -0.9309 2.5389 0.468 1.6064 2.5529 0.5337 -2.2028 6.3282 1.1278 1.0332 -0.8373 6.2994 9.4558 -0.6087 3.5848 1.3104 -0.9237 1.2193 1.5977 5.149 0.9584 4.3115 -3.8223 2.0856 1.6454 -8.2538 9.8335 10.7954 -3.2467 3.8456 1.6545 0.8127 1.1563 0.7197 4.4981 1.521 4.001 14.0783 1.5122 7.6017 -7.2141 6.8048 26.5425 -1.5934 6.1359 3.3251 -5.6693 0.6529 0.6497 6.3125 2.6143 -2.2699 11.4001 1.0548 15.1887 0.87 6.6465 13.7313 -9.3795 5.529 2.8926 1.5073 4.3821 3.6948 6.6465 4.0493 3.6691 44.516 2.2564 2.8152 -2.9189 5.5306 57.4139 -2.9209 9.7721 1.4262
6.3343 -5.3999 3.8509 -2.9023 6.0589 8.9536 -5.8532 -1.1202 18.932 6.0627 7.5639 -5.1847 8.7306 17.9554 -5.0176 5.6794 -3.2961 6.9926 -7.7147 5.4239 4.7472 -1.0793 -2.0257 33.8945 4.1981 13.8019 -8.9919 17.3837 16.659 -11.6539 9.8969 -3.1385 10.2629 -8.0598 4.2755 7.3019 -5.2396 -3.2186 52.9099 4.3099 15.818 -19.8536 18.6286 32.2237 -13.9555 9.3335 -0.9892 20.1756 -20.1553 6.3435 8.7964 2.1375 -2.3783 44.0767 4.1254 22.4965 -27.1493 26.2325 60.0613 -32.779 10.449 -0.8612 26.6012 -22.6492 5.4999 9.4865 -2.5094 -3.9258 79.6436 6.1913 25.3646 -27.6897 34.175 64.9257 -27.4552 10.5152 5.4427
3.4755 -1.0564 0.293 0.7294 2.5328 2.3275 -0.483 0.7139 -0.514 1.8171 3.5146 -0.8071 9.6105 13.1084 -2.746 4.3003 0.3214 1.4837 -3.51 4.2811 4.0065 -0.1256 3.9695 5.7473 1.8233 5.4684 -0.548 4.9083 32.6386 -5.2265 5.7999 -0.0579 7.5006 -6.5374 1.3036 6.0458 0.1573 2.6757 32.4833 2.3755 10.204 -7.1742 13.122 43.0854 -4.1893 7.7444 2.1574 -5.4248 -3.6204 1.0756 8.9256 2.6 -1.5193 25.5059 2.9483 3.2744 -8.5996 11.7154 24.0143 -6.3812 7.5584 1.469 7.1255 -5.3765 0.1613 7.2687 3.2115 4.2012 38.6085 2.0507 17.0781 -10.7506 11.8539 34.6294 -25.5782 6.5352 1.9617
10.3851 -7.3364 8.1397 -8.213 8.2921 8.7186 -9.3663 -5.1709 37.2045 9.1555 9.8625 -10.4924 14.1488 21.4489 -10.377 10.3192 -6.3965 16.6561 -16.3967 7.3352 15.9513 -18.4719 -4.2654 80.1022 8.2401 18.626 -13.613 22.3694 32.5929 -17.7387 13.2009 -5.1814 23.2639 -22.8256 8.8742 10.4034 -9.642 -6.9281 121.6155 7.6316 22.98 -15.1031 33.5249 62.8221 -26.824 12.7424 -5.8892 30.422 -32.688 10.1394 15.8538 -5.0729 -10.3834 133.5029 9.1265 39.0124 -36.5624 41.8737 74.2993 -36.1336 15.7084 -3.5762 37.7322 -39.4473 8.014 9.4396 -5.0975 -8.2467 202.6987 9.7123 48.7728 -46.0242 45.26 81.8938 -43.6576 15.0281 8.9858
6.5579 -2.6527 2.6096 -1.9638 4.2514 7.6726 -2.3403 -1.4344 14.8026 4.6568 6.0059 -1.5832 8.0408 14.7661 -4.162 5.6564 -1.6791 7.7298 -5.9833 2.8995 4.8259 0.0482 2.8937 26.873 5.6204 7.6515 -8.2119 15.1032 30.9891 -6.9025 7.8775 -0.2384 10.3408 -7.9089 3.1726 4.0912 -1.5342 0.3813 24.606 3.4221 13.3484 -11.6426 14.9928 24.1562 -14.678 6.3679 0.693 18.2007 -17.247 4.2774 6.2676 1.5539 -3.1161 35.0809 4.367 17.4002 -11.3034 21.1952 47.8084 -11.1495 8.0132 1.9528 11.0129 -12.0312 4.5355 8.3487 0.3509 -2.158 50.869 3.8813 14.858 -25.6986 -3.2204 28.8659 -19.7963 11.6624 3.895
4.3846 -2.1676 1.616 -2.9823 3.5047 3.4622 -1.6514 3.6813 8.2116 3.0817 5.0713 -1.0636 9.1187 10.194 -2.9367 3.9209 -0.9537 1.5465 -4.9741 4.8065 3.2213 -2.1283 -1.6988 13.3715 2.7659 11.9701 -9.2064 11.2247 20.7591 -6.232 6.4245 -0.6767 9.6915 -11.4959 1.8233 4.3446 3.8141 0.9819 20.8859 4.5841 12.9641 -3.4923 11.0221 27.3309 -7.1296 7.6005 0.955 1.7834 -10.6881 3.4115 6.6722 -0.9135 4.7983 16.5908 3.1332 20.2696 -6.483 24.2451 35.8073 -10.7699 7.7288 0.5539 10.0213 -10.6916 2.9792 9.0943 1.4391 -0.3225 61.6172 2.6358 18.6654 -11.5057 15.8486 30.59 -6.7507 9.1615 3.1087
3.1066 -2.5481 1.0101 -1.1381 3.4293 3.4975 0.1089 3.1279 5.0063 1.5246 2.684 -0.614 7.2996 11.9064 -0.8832 3.9852 1.3535 -0.4012 -1.4642 1.4285 3.5213 2.0055 -1.5094 -1.0778 2.1958 3.4959 -0.5988 6.8692 17.6101 -3.1887 3.0932 2.6725 3.0295 -2.4361 3.3468 1.5022 2.4689 1.1156 0.3202 4.0886 5.2278 -7.8502 9.5126 18.1475 -6.7345 5.9548 2.0449 3.5801 -6.8364 0.7339 5.3534 3.2999 0.1646 11.7833 2.7233 8.6577 -9.4774 11.8573 51.5719 -5.3465 7.5964 3.8011 1.9614 -9.6355 2.552 7.1806 2.9629 1.4994 8.0235 3.2557 7.1702 -11.8883 7.643 28.8055 -7.1609 7.71 1.6003
10.3094 -6.5104 8.1912 -9.1588 7.8436 7.0355 -6.6175 -4.3214 38.4568 7.1248 10.4367 -9.9876 16.1364 16.9955 -9.8953 11.6284 -7.1277 11.8301 -16.5107 7.2299 6.2565 -5.4612 -7.0298 72.3384 8.92 18.0817 -15.8815 19.2303 31.4455 -17.6801 12.1674 -6.1544 27.7864 -25.5423 8.4226 16.2915 -2.1614 -2.6133 107.9934 9.6291 24.9069 -21.575 31.0462 32.9788 -25.6751 12.9442 -4.0394 38.127 -28.086 8.313 19.5974 -7.7123 -7.1845 145.5262 8.8319 40.0358 -37.1654 55.7775 60.3597 -32.0799 13.5027 -3.6329 45.9058 -44.2592 9.9455 13.691 -1.4939 -4.2327 161.2842 7.0468 39.4082 -41.2532 49.3093 75.0332 -45.912 15.8251 8.9619
2.2867 -0.7039 -0.4107 -1.7644 2.3531 2.9395 -2.418 -0.802 3.8633 0.7983 2.4811 -0.8181 7.5809 10.6883 -3.1794 3.3593 0.5911 1.548 2.9471 1.2839 1.4668 -0.2005 1.8263 8.1545 2.1687 2.3479 0.331 11.8063 34.2848 -4.8285 6.2612 1.0524 -0.381 -5.4955 2.6125 5.3344 0.4648 1.2814 7.7473 2.5553 8.1384 -6.0071 12.0089 13.3199 -5.1627 4.6074 3.3284 4.7035 -7.3458 2.7494 7.3888 2.1257 0.0069 3.7861 2.1072 7.6953 -6.0541 11.5231 16.8502 -3.5908 8.1242 3.5314 -8.0325 -8.7714 3.834 4.488 1.839 5.3448 30.2393 1.7038 11.9295 -2.7099 -4.5915 36.7427 -5.8255 7.565 1.6639
10.1019 -8.8682 6.6235 -7.413 8.663 21.6037 -14.3113 -6.7019 33.146 9.0257 8.8769 -7.3257 13.4823 16.9043 -8.8883 12.8293 -7.9017 17.4407 -15.4286 9.6362 6.5911 -10.9451 -8.4969 69.4649 9.282 18.975 -17.3603 23.5979 31.3544 -15.0558 8.6082 -6.9579 28.8086 -23.2636 8.054 13.222 2.9408 -5.0713 99.5452 10.7348 27.8297 -29.3161 31.2696 49.6454 -29.2677 12.1653 -4.1307 37.1606 -32.4973 9.4302 20.652 -5.7542 -7.7687 153.026 9.3749 45.1306 -29.6858 36.4582 62.296 -30.0011 15.0475 -3.9328 35.154 -43.3592 9.289 17.0549 -2.8789 -3.916 209.8917 8.4509 46.9317 -52.9485 42.1388 95.723 -46.653 15.1079 9.0042
3.9795 -0.5425 0.939 0.3929 1.588 3.5472 0.7592 -0.1967 7.854 2.6075 1.2395 1.5072 5.5266 10.5047 -0.6186 4.0113 2.2432 1.1898 0.4137 2.5053 5.0551 0.8336 2.9529 2.8636 1.86 5.7387 -0.4833 9.39 21.255 -5.6464 3.5594 1.6349 -4.4464 -8.1997 0.924 4.4823 3.5057 4.0969 15.9844 1.7619 4.072 -5.4073 9.8565 13.64 -5.9337 5.3282 0.0482 -2.5069 -5.2481 0.8386 7.6013 2.448 -0.3089 -1.7047 0.8071 4.2679 -8.8948 8.669 23.4658 2.5154 4.6817 5.2942 4.8099 4.7696 1.2636 7.0885 4.6834 1.4001 9.357 0.8686 5.2765 -8.3496 13.1432 18.4875 -3.2775 8.5493 1.3408
1.4405 -0.0549 -0.5233 -0.0989 0.1836 4.6278 -0.993 3.6276 2.754 0.6591 3.0971 1.5371 6.5209 11.3049 -0.7153 4.2648 2.0766 3.0898 -1.7903 1.8159 4.2444 -0.3957 0.0045 9.591 0.8544 4.1269 1.6319 8.0969 9.6781 0.9055 5.4186 1.5469 -1.9777 2.2692 1.7294 4.7753 0.9208 2.7556 16.0918 0.492 10.6826 -3.6409 8.3944 22.6038 -4.7837 6.3543 1.7865 3.7941 -0.8854 1.5564 5.6819 0.4682 1.7856 15.8826 0.732 4.528 -1.8947 11.0178 18.7722 -8.8699 6.7401 4.0169 4.8935 -2.0374 0.808 8.2884 3.5632 1.4658 34.6216 1.3387 0.3997 -0.5453 0.3279 53.876 -7.1486 7.4099 1.3161
2.1746 -1.5712 -0.9026 -0.8151 0.1737 3.7373 0.1565 1.224 -0.1171 1.8061 3.1413 -0.0463 6.1379 15.0422 -2.9185 5.1023 -0.8651 1.2726 0.3785 0.4511 3.3613 1.442 2.8854 14.5062 1.08 0.5927 2.1646 4.6319 13.567 -1.2112 4.5816 2.0146 -1.6008 4.3254 0.8806 3.3995 2.107 1.2691 23.3664 0.7576 -1.6257 -5.1861 11.9992 19.8909 1.7786 4.6884 3.8844 0.9438 -2.1047 2.5376 5.1418 2.6947 1.5465 -1.0735 -0.8144 3.8208 -6.0547 12.6562 27.4899 -9.9481 4.6337 5.3489 -2.9906 3.0853 1.1616 4.3275 3.9555 -2.609 11.1865 0.0788 3.1887 1.6177 1.6401 38.4373 -9.1582 6.3007 1.0529
7.478 -3.3985 5.3521 -3.8189 3.5706 8.1034 -4.4104 -0.4502 14.7784 5.5336 6.9733 -4.9998 10.3941 13.203 -6.1018 6.4647 -3.3322 7.0574 -7.6564 3.5754 6.6036 -1.5558 -3.1548 23.072 4.2248 7.1103 -13.1651 14.0944 29.303 -8.0175 8.9052 -1.6707 13.0468 -8.5934 5.9158 4.0404 -1.4137 -5.7777 53.2995 4.5538 14.7412 -11.6553 20.3344 23.724 -11.5066 8.2444 -1.8612 21.8638 -7.0558 4.7076 12.3274 -2.3764 -0.3472 62.2232 6.4372 25.3413 -17.6484 20.3948 79.5844 -18.2561 8.6511 0.3352 19.5355 -21.0233 5.5379 11.0511 -3.3389 -0.8143 84.0545 5.7546 30.3531 -17.7279 30.5836 42.4233 -25.2822 11.5108 5.1158
3.7674 -1.7552 2.078 -3.207 2.9112 1.7108 -1.755 -4.8181 9.0415 0.8812 2.9041 -0.5268 7.2995 10.1305 -2.8461 5.8106 -0.4521 6.8973 -3.212 4.6251 4.0615 -0.6653 2.8972 11.6951 2.5221 6.5034 -3.5826 10.2235 17.0503 -7.5509 6.4591 0.9046 4.5856 -3.2657 3.5057 6.1128 -3.7023 2.8014 24.7261 1.972 8.8307 -5.8472 13.1394 25.0797 -9.4255 4.2978 1.4065 17.9573 -9.3361 1.3014 8.2811 0.77 1.6795 29.9428 1.8985 17.4033 -9.2256 13.5268 24.6933 -13.8363 8.0724 2.4853 18.9945 -5.2538 4.5442 7.7589 4.2368 1.6441 40.943 2.1301 20.3914 -14.7791 15.7345 37.219 -12.2842 7.9105 3.002
0.2138 1.9356 -1.2724 -1.0229 0.4759 1.5916 1.478 3.1747 2.9417 0.3787 1.1848 2.1064 6.4161 17.6777 -0.821 3.2537 2.2156 -0.5789 1.8329 0.2394 2.1954 2.1267 0.5927 -9.9323 1.1667 2.5991 -0.2878 7.2901 16.176 -3.0446 3.806 3.0602 -0.4492 2.9416 0.3869 2.9517 3.0676 -2.4945 21.6473 -1.4721 2.542 5.6649 2.8298 21.8315 0.2822 4.7614 3.9157 -2.4727 5.9321 0.8867 4.6872 3.9761 3.845 -14.7246 -0.8241 0.6854 -2.9627 6.182 52.6901 -2.4277 5.3239 4.1931 -9.158 -5.4166 0.8424 6.0543 4.9205 6.5697 15.2638 1.5586 11.5455 -3.6086 3.2289 107.5389 -0.7743 4.8089 0.2672
3.2267 -1.1104 2.87 -2.5992 2.8402 4.174 -4.5815 -2.8332 9.1658 2.834 3.622 -0.7638 6.1106 14.5883 -2.2245 5.0903 -0.3356 5.3488 -0.2274 2.5009 5.6116 -2.865 -0.4434 20.3199 3.4134 9.236 -4.6142 8.5568 18.9261 -5.0653 6.1111 0.8961 7.5495 -5.8074 2.8392 7.0369 -1.6121 1.3906 13.3173 3.209 10.4489 -7.3276 14.0701 29.8386 -11.4298 7.5238 2.0109 12.7689 -6.8444 3.1496 6.808 0.4585 -0.4287 25.0621 2.8055 14.7163 -10.4634 14.793 27.5228 -14.3138 8.0638 4.5944 19.3711 -12.8224 1.7557 8.4654 0.3182 -1.6186 38.8658 2.5728 25.3051 -6.265 13.1451 33.7079 -11.3214 8.9738 3.0965
8.0311 -6.9591 7.7255 -6.8333 6.57 4.6316 -1.2142 -4.0727 31.0661 7.3704 8.6812 -5.4393 9.8365 18.6259 -7.21 9.7402 -5.8669 10.9987 -16.7759 6.8921 17.1453 -9.1152 -5.9649 58.3433 7.3965 15.5099 -14.9934 15.5212 28.832 -16.3997 9.5047 -3.3558 21.3002 -19.6044 6.0849 13.3074 -1.182 -7.4775 85.4493 7.0645 30.9255 -20.9373 25.7463 35.2979 -19.2175 12.7304 -4.1316 24.0739 -22.9687 6.6989 16.9401 -10.5924 -3.8297 93.7014 6.8608 38.4301 -29.3683 29.5268 63.1217 -24.5381 13.6855 -2.481 33.6907 -32.5329 6.2251 7.2218 0.593 -7.5463 130.5755 8.5982 34.1372 -45.3522 49.8573 109.2877 -34.5342 12.3203 7.4212
0.5072 0.1551 0.3397 -0.3043 0.9645 0.1218 0.8155 4.4151 1.2182 1.7415 0.2958 -1.9425 5.9232 8.7412 0.1707 1.3427 0.4401 -1.7895 2.3803 1.2698 2.4438 1.234 3.3071 9.2857 -0.0141 2.5998 0.7906 5.4357 12.0622 -1.9773 2.1278 -0.285 2.5111 -0.3454 -0.4456 2.5566 2.8564 2.4757 0.2115 0.5543 2.12 0.8416 4.1562 16.2442 -5.9217 5.8213 3.5876 -4.018 6.676 -0.3313 4.7588 3.5045 5.4301 -4.1986 1.2575 10.2402 0.2573 2.0166 15.9173 -4.6836 5.6496 4.148 2.0207 5.1118 -1.207 4.8834 4.3893 2.7715 14.0297 0.6604 9.7237 0.4303 -0.5452 16.8549 5.5463 6.9355 0.3546
6.3901 -5.6463 3.639 -6.6549 6.5724 1.2183 -4.1264 -4.0526 19.0911 3.8365 7.6067 -4.5733 8.7026 12.1699 -5.8771 8.1209 -3.3493 6.8577 -8.2421 4.2278 7.3583 -6.1532 -0.6197 35.7196 4.6152 14.2514 -9.3377 18.251 23.0032 -13.304 8.6869 -3.0135 9.6764 -13.3278 4.4773 3.4665 -1.3726 -2.8594 36.0251 4.382 23.1551 -16.0651 18.6264 36.9703 -16.2846 9.5077 -1.3058 16.3919 -20.5459 5.7528 13.1534 -8.2665 -2.9258 73.3315 5.7327 34.0351 -24.1456 22.3624 66.2307 -24.0458 9.9777 -0.2683 20.6224 -24.4063 6.7136 12.5097 3.2635 -4.6933 59.0933 2.9521 29.4177 -27.1004 42.7117 50.9922 -27.7136 11.5038 5.6508
3.3882 -2.1643 1.1965 -2.2272 2.5262 3.3219 -2.9765 0.1845 4.6375 3.5886 5.1356 -2.2942 7.699 9.8378 -1.5486 4.1016 -2.3417 3.4601 -5.0311 2.4598 5.5979 -1.1238 1.6309 10.6093 3.9449 7.4345 -5.7733 6.961 30.6532 -5.3614 5.3812 0.7674 8.3177 -3.1537 2.6341 8.2185 1.2741 -4.239 3.4057 3.4858 11.1985 -4.1214 15.5451 25.2654 -7.4536 8.1011 2.4701 1.7916 -11.7442 2.7547 6.5842 0.6053 0.3004 15.3986 3.449 12.3683 -9.1284 8.5964 43.5071 -12.5321 7.9222 2.6066 3.4118 -10.0511 1.3942 6.1414 4.5216 -2.8155 46.5543 4.291 11.5042 -1.63 21.9214 33.814 -1.8402 8.0362 2.8026
2.8589 -0.0976 1.3587 -0.5093 3.4544 4.4027 0.1499 -2.1913 7.0525 0.4969 3.474 -0.6666 7.5784 9.9949 -2.249 4.8556 0.5934 4.8137 -1.9657 3.2972 5.7699 2.3933 -0.5714 -2.3336 1.9719 6.0803 -0.9985 10.9036 16.0191 -6.4149 4.1426 -0.1616 2.3295 -7.0514 2.0508 3.2235 1.9559 -0.6698 11.5017 2.3154 10.3132 -3.4615 14.3618 13.6294 -9.3433 6.0433 1.7807 4.4612 -1.5134 2.1278 6.0388 -1.0606 -3.5401 23.2877 1.4331 15.3947 1.5791 15.858 16.9201 -12.1451 6.5276 3.6818 7.2011 0.441 1.4655 3.5971 4.397 -1.0725 48.1552 3.6121 10.6653 -8.6949 15.0877 32.4293 -8.9084 9.6649 2.042
2.7444 1.4548 -1.0273 0.4488 0.0376 -0.2477 0.0561 -0.086 9.0268 1.8631 1.2649 0.2168 7.3391 12.68 -3.8027 2.526 1.3656 -0.2403 -2.4967 1.8969 5.246 1.3073 3.9816 10.6796 1.4874 3.0384 1.0943 5.5895 12.0044 -3.4625 4.7548 0.702 -1.3971 -1.7627 1.9826 2.987 1.9942 -1.5323 13.073 0.8208 7.487 0.2112 15.6475 20.2075 -0.1954 4.661 2.953 1.1936 -5.054 1.1168 4.2816 3.1181 -0.9632 5.5635 -0.2815 5.3868 -6.5048 15.2361 49.9869 -7.2969 6.2693 2.7477 3.7935 1.4352 0.131 8.5126 4.7077 1.3453 -1.1316 0.9184 6.1676 -9.0001 11.2627 26.6875 -11.6236 7.2274 1.3374
4.8815 -1.3284 1.8749 -0.6614 3.9691 6.7494 -1.909 -4.9475 13.2153 4.2537 5.0113 -1.8564 8.727 16.4158 -2.5089 5.5762 -3.1627 4.644 -6.0022 3.7152 6.2613 0.5663 0.8923 23.8926 4.843 5.2539 -5.8502 10.2678 17.1337 -4.1299 6.4103 0.0169 1.4394 -7.7873 2.6736 6.2604 -1.898 -2.9394 26.6173 3.1877 9.3137 -4.9801 13.8428 19.3374 -10.6008 6.4086 -0.5997 11.9148 -3.5662 3.8383 9.0905 1.6331 0.6948 39.9647 4.2069 11.5754 -14.0241 19.5918 43.8581 -11.2812 7.1088 1.606 9.1583 -12.9191 4.4607 8.9883 3.7649 0.8081 42.2466 4.4588 5.7485 -16.0721 21.6849 37.4138 -20.4443 10.6785 3.2568
4.2288 -2.3806 0.5363 -0.5088 2.3466 0.228 -1.6037 1.067 7.9884 2.0297 2.1344 -0.8482 5.9093 9.4028 -2.5276 2.7041 1.3883 2.6692 -5.5245 1.7517 2.5834 0.3177 1.6437 11.532 1.3673 5.9787 -2.6945 8.0404 25.8763 -4.7157 6.0139 1.008 -0.8953 -0.7417 0.6962 2.8097 0.557 0.9344 8.865 1.2633 10.408 -3.0891 8.7044 24.5474 -1.0843 5.2037 3.0824 1.3428 -6.5766 0.6146 3.9332 2.312 -2.2866 22.1174 0.652 10.0135 -3.1062 7.0755 29.1298 -2.7738 6.4354 5.0237 -1.6319 -3.0752 3.0852 7.5536 3.4684 2.7651 -8.7811 2.2175 9.5528 -7.1828 6.6233 17.2004 -14.2654 7.4372 1.5506
2.2309 0.5223 0.2342 1.9769 0.4597 1.9156 0.5277 0.8633 7.292 1.1199 3.6798 -0.4122 4.1375 8.7783 -1.4547 3.0539 0.4759 -2.5762 1.9409 0.5832 3.8089 -0.5546 -0.2847 2.9159 2.2453 5.0666 1.1714 9.6396 14.7527 0.8557 3.1781 -0.0311 4e-04 -3.4862 1.3292 4.7275 0.9127 0.5142 9.6776 1.5638 7.2511 7.1632 14.2202 18.7922 -3.2116 5.5271 2.9072 -2.4639 -11.4558 0.4919 3.7432 3.1827 1.537 27.6106 2.4171 6.6765 -4.6692 18.0444 17.307 -10.3332 6.4026 3.2175 7.9981 1.9563 2.0681 5.4123 2.0637 3.802 -3.2361 2.1659 11.618 -1.8717 16.372 38.9357 -9.2847 6.9703 1.2996
5.0345 -2.319 3.5787 -2.9026 4.9335 8.4487 -4.1726 1.1113 16.3852 6.5285 5.1982 -3.6568 8.99 11.0859 -3.1744 4.8025 -3.0291 3.9719 -7.805 4.2434 6.2505 -0.6352 0.5338 19.7753 2.5087 10.9811 -7.2761 15.4192 15.3213 -10.4668 6.8375 -0.4495 4.2452 -7.1856 4.0704 5.3316 -2.0026 0.4849 34.6909 3.1808 13.7905 -11.49 24.1222 30.7984 -13.0444 8.3279 0.284 12.9075 -17.6535 6.181 11.7597 -3.8251 -2.2657 88.4422 4.6472 15.373 -19.847 26.0744 42.2642 -19.3503 8.6536 0.2885 10.0926 -24.8763 3.4156 8.4821 -1.1374 -1.663 43.0969 2.75 19.6687 -19.6119 22.7678 53.8356 -19.4809 10.7288 4.3553
2.8574 1.231 -0.4304 0.4567 1.073 1.9089 0.447 3.7534 7.5893 0.1922 -0.2592 0.3437 5.5355 9.8944 -0.6211 2.5149 2.0594 -3.0822 2.4372 -0.4576 1.9108 1.5224 -1.1115 3.2605 1.1325 0.5829 0.5219 4.9832 11.4698 -1.1414 3.3115 1.7727 -2.9208 0.3357 0.3349 4.3073 2.7028 0.0681 -3.5475 0.8612 3.8907 -2.6593 5.0785 19.4213 1.0951 4.5873 3.2029 4.9065 0.3845 1.481 2.5059 4.0781 4.7274 7.5468 -0.9298 3.0573 -4.0508 8.0308 16.4794 0.4682 5.4277 5.2238 4.0783 7.3063 0.0874 3.9228 5.0794 -0.3745 -5.1453 -1.0645 1.7389 -7.2365 -4.9347 22.4442 -5.5412 7.4163 0.3864
9.8373 -6.9879 7.0237 -8.063 8.3076 9.1711 -1.7218 -4.1811 23.6445 6.1674 8.5537 -5.7605 11.5158 14.2441 -6.0404 10.1185 -3.8524 12.8677 -12.8154 7.9451 3.5041 -4.0934 -9.0133 50.7936 8.4819 14.2321 -14.64 12.063 23.8985 -12.0676 8.7252 -3.7467 19.9294 -14.5886 9.6694 3.8041 -6.1814 -6.0996 68.105 6.1321 26.4512 -22.2767 26.6192 31.5909 -23.836 11.332 -1.4477 26.3342 -16.9351 6.6571 13.591 -3.0281 -3.0444 107.0964 7.1729 24.9914 -27.4999 27.5312 58.5509 -39.5891 11.4842 -2.7391 27.6916 -23.8177 7.3818 18.8911 -5.3273 -3.3883 123.292 5.771 37.7231 -34.9621 42.3868 58.2819 -26.5956 15.8388 7.133
2.0509 1.0568 -0.0454 2.4227 1.3853 1.993 0.4901 3.3158 13.4703 2.9706 2.5046 -0.7229 7.1219 10.8846 0.4684 3.1909 2.5574 0.1763 4.0323 1.4101 3.856 1.7201 0.8613 8.2213 0.6364 2.2288 -1.2982 8.2283 12.0015 -0.3678 3.723 2.4047 -3.8708 -1.5577 2.0754 4.738 2.6312 2.0864 9.9498 1.9156 4.3663 -4.7796 5.6023 31.9808 -5.352 5.7223 2.8525 1.1299 3.2652 -0.1885 3.803 3.3052 0.657 20.28 0.5342 5.3319 -3.3228 10.315 33.6204 -7.6763 5.3637 5.1268 -9.375 -3.0064 1.2009 6.759 3.4958 2.6672 21.1662 1.9887 5.3631 1.1618 10.8517 39.4147 -13.413 5.9727 1.0077
10.1704 -7.7736 7.6732 -7.0923 8.6207 12.5805 -11.3858 -8.4536 43.5308 10.1787 10.8283 -9.7757 15.2971 19.2172 -9.0442 9.7368 -8.7036 19.4996 -16.522 9.0329 15.5182 -4.0619 -9.9246 89.6735 10.1569 20.6309 -13.5887 24.1048 37.2405 -17.0374 11.7949 -4.9818 25.4946 -21.8817 8.818 10.379 -7.3606 -11.1459 136.7216 10.734 27.3673 -30.1276 33.2632 41.4287 -28.1597 13.2299 -5.3819 38.2377 -27.7197 6.6071 19.0612 0.3863 -4.145 178.713 9.0097 40.0228 -35.7091 40.3576 63.5797 -40.7415 14.2986 -4.0806 53.4168 -42.2443 8.3352 9.4493 3.2674 -7.7214 192.9434 9.9541 56.576 -45.5582 56.013 70.5921 -37.7024 15.3196 9.503
0.3959 0.4445 0.0971 0.4155 0.678 1.7845 0.2536 2.2113 12.6323 -0.4316 1.0375 -0.5742 6.2991 18.1053 -0.7756 2.5976 0.3441 -2.0325 4.0013 2.3727 3.2172 -0.9924 2.5213 13.1104 1.3003 6.7877 0.3795 12.0937 27.4026 -2.8338 2.0705 1.9784 -3.38 -1.6633 2.0754 6.538 0.1877 1.3596 8.7122 0.8323 1.6145 -0.7185 7.0393 13.0267 -1.7522 6.8535 2.6761 8.0409 -6.1284 2.1511 5.5526 2.6671 2.5364 22.902 0.1406 11.8424 -8.6748 13.2529 23.3162 -4.0053 6.709 3.8714 2.9848 -8.7843 0.9856 6.4903 3.1442 1.2378 21.8112 2.9912 2.1027 -6.4812 5.8026 18.8056 -6.517 8.2959 1.2182
4.6078 -1.578 0.9869 -0.0781 1.7029 3.11 -2.3568 -3.2192 13.2811 1.9364 0.5527 -2.0442 6.8835 11.6495 -1.1479 5.8526 -0.0502 1.515 -2.0647 3.6877 3.0483 -3.1055 4.8621 12.7218 2.0866 5.0234 -5.6331 10.1884 17.2758 -2.8378 4.9127 1.469 3.4346 -1.6484 1.4781 4.488 3.3544 0.1856 34.6915 3.0713 11.3899 -2.2769 7.9803 23.3077 -6.6473 6.6343 2.6497 11.6295 -0.3276 2.3775 6.3209 5.0065 0.947 2.5918 2.0159 13.8082 -8.2718 14.5675 39.8883 -10.1489 6.9912 1.2117 0.6363 -6.5823 3.4711 8.1172 3.7517 0.365 16.1437 1.0017 14.3593 -8.0708 16.4719 40.7828 -22.3426 8.5382 2.1966
9.2933 -7.285 8.1705 -7.0865 10.1389 10.1691 -4.4452 -10.3188 42.9985 8.1848 9.3299 -7.6418 14.6442 16.4572 -8.7742 12.9407 -7.0649 12.0586 -13.3598 10.152 9.7626 1.0733 -7.4551 70.2786 9.5047 14.8808 -19.225 24.713 36.3207 -16.4209 11.5968 -4.9903 27.0772 -23.5606 7.421 6.8281 0.3385 -8.517 105.2708 9.1666 28.5933 -31.7827 27.228 41.5164 -27.1179 11.9373 -5.8993 30.7978 -34.9555 9.5069 15.9792 -9.7267 -3.1853 151.6809 10.0688 38.7234 -41.5596 40.5122 90.3204 -38.415 14.3216 -4.478 38.7787 -39.3362 8.0793 9.1095 4.2118 -5.3093 177.3478 8.1003 45.8899 -50.3771 49.0212 66.2683 -44.7189 14.9435 9.1309
9.3348 -8.3469 9.9395 -7.5993 8.8618 18.6828 -12.4703 -4.1022 40.1419 10.7299 9.837 -9.0325 14.3532 15.2457 -9.2049 10.2835 -7.9036 20.1546 -16.6702 10.4377 6.2993 -13.0352 -7.1015 76.4469 10.4231 20.6077 -21.1246 23.8182 45.9026 -21.3295 13.5915 -6.8649 18.8359 -25.6493 10.7415 9.4415 2.5839 -7.8351 123.928 7.3745 31.0269 -28.1745 26.1284 52.2087 -28.9951 13.1819 -5.2571 33.517 -30.3665 9.632 14.7478 -2.5084 -5.7224 171.6578 9.3676 45.7377 -40.8146 47.2987 59.845 -40.0478 15.4286 -2.4242 38.3187 -46.0833 10.2437 9.4132 -2.5522 -9.6082 196.6642 10.0876 44.2262 -47.6877 45.205 72.697 -50.3013 14.1557 9.4585
6.8353 -1.8593 2.3582 -0.8497 1.6299 6.0539 -4.7743 0.4074 10.0318 2.2467 4.3882 -1.0727 8.8269 11.4301 -3.1067 4.4249 -3.1337 5.7518 -2.8855 2.297 3.7153 -2.424 2.0858 6.7185 3.5362 7.8373 -5.2376 13.8292 33.9954 -6.6319 5.1875 -1.4471 12.2939 -0.8902 2.9361 5.8862 1.8193 -3.8951 20.8246 3.0584 4.916 -9.2653 13.8024 23.7658 -8.3929 7.3074 1.783 5.7133 -14.9401 2.7132 5.7783 3.2002 3.0716 40.6071 1.8909 10.3563 -15.8038 21.1456 40.627 -12.6485 7.5063 1.9225 10.5334 -9.4617 2.4138 8.9498 3.8456 0.5046 22.283 1.6202 5.2065 -7.3909 19.4514 62.53 -15.828 8.5129 2.7916
2.4697 1.2524 2.0243 0.8274 1.7394 3.3361 1.2429 5.2938 4.4693 1.9148 1.4924 -0.9215 7.4805 10.9113 -3.2838 3.5883 0.4869 -0.8122 -0.9554 2.3062 3.1125 -0.2044 -2.3245 12.7949 0.8127 -0.1 -1.9193 6.0125 26.8933 -2.109 4.7922 1.9082 -2.7991 -0.1518 1.2912 3.9882 0.2226 -0.1887 6.0708 0.3171 5.1259 -4.8104 12.2089 18.2521 1.3861 4.8237 1.52 0.1349 2.9978 2.3214 3.9273 1.6821 1.3798 6.2635 0.9055 5.5743 1.4096 6.4816 15.7623 -4.3197 6.1311 4.4197 1.8433 -5.8327 1.4522 6.7305 3.8594 4.9896 -1.9483 1.0462 5.7228 0.9073 13.2975 32.421 1.5577 7.05 1.2347
8.9383 -6.2144 8.0857 -7.6617 8.8338 10.9841 -8.6053 -5.3975 31.8996 7.908 7.1382 -6.8114 12.4964 13.681 -6.8958 10.2908 -7.1534 13.4376 -13.738 6.7666 10.2914 -8.5108 -8.8007 51.4573 7.8341 16.8566 -13.4203 20.9132 25.5107 -15.2397 11.1142 -3.6457 23.7361 -19.6382 7.262 7.9711 -5.2024 -5.9581 98.1275 6.8961 23.5485 -25.4768 22.9243 37.4653 -26.5909 12.3166 -3.7439 29.6915 -29.0952 8.4137 12.5945 -10.1266 -3.3804 120.9655 7.5623 29.6683 -29.3861 41.3625 55.6729 -27.3026 13.4829 -3.8964 28.6553 -35.3196 8.5697 16.59 -2.0071 -9.0329 136.1439 7.7996 45.4154 -44.7443 36.9365 94.3019 -40.2303 13.8898 7.9716
